%Index, Time (s), xGaze (pixels), yGaze (pixels) 
8,78394984.000,718,484
9,78395056.000,708,442
10,78395120.000,602,380
11,78395176.000,325,210
12,78395208.000,412,223
13,78395296.000,955,363
14,78395360.000,1185,432
15,78395440.000,1182,442
16,78395512.000,1176,466
17,78395568.000,1168,449
18,78395640.000,1178,445
19,78395720.000,1165,462
20,78395776.000,1149,460
21,78395856.000,1150,455
22,78395928.000,1162,459
23,78395992.000,1154,467
24,78396048.000,1164,506
25,78396112.000,1154,551
26,78396184.000,1144,529
27,78396240.000,1159,509
28,78396320.000,1168,515
29,78396376.000,1154,502
30,78396440.000,1177,470
31,78396496.000,1212,463
32,78396560.000,1240,473
33,78396616.000,1250,474
34,78396696.000,1283,442
35,78396768.000,1299,422
36,78396832.000,1288,413
37,78396920.000,1257,417
38,78397000.000,1250,412
39,78397072.000,1254,399
40,78397128.000,1252,420
41,78397192.000,1256,401
42,78397248.000,1247,416
43,78397312.000,853,206
44,78397368.000,327,-16
45,78397432.000,160,-74
46,78397504.000,145,21
47,78397560.000,124,6
48,78397640.000,105,-14
49,78397712.000,46,-34
50,78397808.000,384,308
51,78397864.000,521,456
52,78397912.000,496,432
53,78397984.000,491,401
54,78398056.000,559,393
55,78398120.000,552,387
56,78398200.000,524,407
57,78398272.000,518,393
58,78398328.000,520,399
59,78398392.000,527,410
60,78398464.000,515,412
61,78398536.000,522,409
62,78398600.000,520,425
63,78398656.000,512,412
64,78398736.000,495,399
65,78398808.000,482,409
66,78398872.000,479,400
67,78398928.000,462,393
68,78399008.000,460,399
69,78399080.000,464,383
70,78399136.000,462,393
71,78399216.000,453,387
72,78399288.000,450,414
73,78399368.000,465,414
74,78399408.000,488,400
75,78399480.000,504,407
76,78399544.000,514,396
77,78399600.000,510,385
78,78399680.000,516,419
79,78399736.000,512,410
80,78399816.000,519,422
81,78399888.000,526,430
82,78399976.000,515,375
83,78400040.000,512,387
84,78400112.000,514,404
85,78400192.000,512,407
86,78400248.000,507,401
87,78400312.000,504,399
88,78400368.000,519,399
89,78400432.000,509,365
90,78400456.000,497,315
91,78400456.000,497,315
92,78400456.000,497,315
93,78400712.000,476,134
94,78400760.000,469,124
95,78400832.000,421,47
96,78400912.000,402,25
97,78400968.000,409,13
98,78401032.000,423,6
99,78401088.000,433,7
100,78401152.000,458,13
101,78401208.000,566,19
102,78401288.000,664,49
103,78401344.000,687,66
104,78401400.000,712,89
105,78401464.000,823,195
106,78401504.000,841,199
107,78401584.000,904,239
108,78401664.000,932,244
109,78401736.000,959,280
110,78401808.000,973,248
111,78401872.000,975,256
112,78401928.000,970,281
113,78402016.000,978,266
114,78402096.000,991,244
115,78402152.000,1173,180
116,78402224.000,1310,129
117,78402288.000,1323,156
118,78402360.000,1308,144
119,78402408.000,1302,179
120,78402488.000,1291,205
121,78402560.000,1289,194
122,78402616.000,1289,198
123,78402680.000,1278,214
124,78402744.000,1275,192
125,78402816.000,1277,212
126,78402896.000,1251,201
127,78402952.000,1238,245
128,78403008.000,1242,246
129,78403072.000,1240,243
130,78403144.000,1254,238
131,78403160.000,1266,237
132,78403160.000,1266,237
133,78403352.000,1230,176
134,78403416.000,1292,234
135,78403456.000,1300,242
136,78403552.000,1324,235
137,78403608.000,1352,231
138,78403608.000,1352,231
139,78403608.000,1352,231
140,78403800.000,1365,97
141,78403864.000,1428,130
142,78403936.000,1435,115
143,78404000.000,1458,86
144,78404056.000,1451,72
145,78404056.000,1451,72
146,78404056.000,1451,72
147,78404264.000,1533,162
148,78404344.000,1568,191
149,78404424.000,1585,186
150,78404480.000,1670,198
151,78404536.000,1762,220
152,78404600.000,1790,238
153,78404656.000,1799,240
154,78404656.000,1799,240
155,78404656.000,1799,240
156,78404856.000,1888,346
157,78404896.000,1866,355
158,78404960.000,1857,349
159,78405032.000,1842,361
160,78405112.000,1838,344
161,78405184.000,1830,340
162,78405256.000,1809,363
163,78405320.000,1798,364
164,78405376.000,1779,383
165,78405440.000,1765,380
166,78405512.000,1754,406
167,78405592.000,1738,401
168,78405664.000,1711,443
169,78405712.000,1712,438
170,78405784.000,1698,425
171,78405840.000,1695,428
172,78405936.000,1649,473
173,78406008.000,1617,482
174,78406072.000,1596,485
175,78406128.000,1603,469
176,78406200.000,1595,487
177,78406296.000,1620,487
178,78406368.000,1634,469
179,78406432.000,1652,455
180,78406520.000,1704,423
181,78406592.000,1724,406
182,78406688.000,1735,389
183,78406760.000,1743,381
184,78406832.000,1731,379
185,78406896.000,1725,383
186,78406952.000,1727,368
187,78407016.000,1750,380
188,78407088.000,1740,380
189,78407144.000,1751,351
190,78407240.000,1758,364
191,78407296.000,1746,379
192,78407360.000,1177,425
193,78407416.000,905,461
194,78407512.000,805,484
195,78407584.000,668,468
196,78407640.000,649,491
197,78407704.000,638,494
198,78407760.000,485,474
199,78407808.000,513,470
200,78407880.000,565,457
201,78407960.000,575,450
202,78408032.000,601,470
203,78408088.000,603,491
204,78408104.000,602,480
205,78408104.000,602,480
206,78408104.000,602,480
207,78408104.000,602,480
208,78408104.000,602,480
209,78408104.000,602,480
210,78408104.000,602,480
211,78408104.000,602,480
212,78408104.000,602,480
213,78408752.000,619,464
214,78408816.000,621,452
215,78408856.000,634,459
216,78408936.000,679,497
217,78409008.000,676,490
218,78409088.000,676,483
219,78409144.000,675,480
220,78409200.000,680,500
221,78409264.000,710,489
222,78409336.000,702,472
223,78409432.000,678,453
224,78409456.000,698,476
225,78409560.000,721,457
226,78409608.000,718,469
227,78409680.000,690,463
228,78409744.000,693,453
229,78409800.000,691,400
230,78409864.000,676,335
231,78409936.000,676,298
232,78410016.000,655,208
233,78410056.000,650,180
234,78410160.000,640,161
235,78410208.000,668,143
236,78410288.000,659,108
237,78410344.000,658,94
238,78410400.000,663,67
239,78410464.000,682,67
240,78410544.000,738,72
241,78410632.000,774,77
242,78410704.000,815,112
243,78410776.000,829,134
244,78410840.000,848,168
245,78410896.000,898,168
246,78410960.000,890,171
247,78411056.000,902,180
248,78411104.000,918,209
249,78411184.000,909,213
250,78411240.000,912,210
251,78411320.000,900,213
252,78411376.000,919,222
253,78411456.000,936,254
254,78411528.000,940,261
255,78411592.000,948,255
256,78411648.000,937,216
257,78411712.000,937,212
258,78411784.000,943,226
259,78411856.000,931,201
260,78411904.000,938,205
261,78411976.000,953,175
262,78412040.000,951,208
263,78412096.000,968,178
264,78412160.000,962,167
265,78412232.000,977,186
266,78412296.000,982,208
267,78412352.000,1027,227
268,78412416.000,1259,240
269,78412456.000,1323,230
270,78412552.000,1344,238
271,78412616.000,1332,234
272,78412664.000,1352,224
273,78412744.000,1360,248
274,78412816.000,1355,250
275,78412912.000,1366,250
276,78412984.000,1409,260
277,78413040.000,1472,262
278,78413104.000,1468,275
279,78413160.000,1494,296
280,78413208.000,1497,301
281,78413304.000,1521,318
282,78413360.000,1535,334
283,78413432.000,1585,379
284,78413512.000,1663,442
285,78413568.000,1673,460
286,78413640.000,1705,450
287,78413704.000,1720,479
288,78413792.000,1717,483
289,78413856.000,1733,504
290,78413912.000,1750,510
291,78413960.000,1750,510
292,78414048.000,1762,504
293,78414104.000,1742,609
294,78414168.000,1718,669
295,78414240.000,1724,682
296,78414304.000,1728,677
297,78414360.000,1683,696
298,78414408.000,1722,695
299,78414496.000,1843,671
300,78414560.000,1857,677
301,78414616.000,1855,683
302,78414680.000,1819,685
303,78414736.000,1809,685
304,78414800.000,1868,712
305,78414856.000,1877,696
306,78414856.000,1877,696
307,78414856.000,1877,696
308,78415064.000,1836,649
309,78415128.000,1859,668
310,78415216.000,1898,664
311,78415280.000,1910,652
312,78415336.000,1934,634
313,78415416.000,1963,610
314,78415456.000,1953,609
315,78415528.000,1961,577
316,78415592.000,1921,593
317,78415648.000,1914,614
318,78415712.000,1881,627
319,78415760.000,1852,643
320,78415760.000,1852,643
321,78415760.000,1852,643
322,78415984.000,1735,749
323,78416056.000,1774,744
324,78416104.000,1810,763
325,78416160.000,1785,778
326,78416240.000,1778,777
327,78416296.000,1781,766
328,78416360.000,1815,790
329,78416432.000,1843,780
330,78416496.000,1866,734
331,78416552.000,1853,752
332,78416608.000,1856,745
333,78416656.000,1868,727
334,78416728.000,1919,668
335,78416808.000,1905,657
336,78416848.000,1900,657
337,78416928.000,1891,639
338,78416992.000,1909,631
339,78417048.000,1922,673
340,78417104.000,1923,674
341,78417168.000,1916,633
342,78417256.000,1893,650
343,78417320.000,1886,707
344,78417376.000,1921,684
345,78417440.000,1924,690
346,78417496.000,1887,705
347,78417560.000,1875,729
348,78417560.000,1875,729
349,78417560.000,1875,729
350,78417560.000,1875,729
351,78417824.000,1830,755
352,78417888.000,1821,768
353,78417944.000,1796,767
354,78418008.000,1777,738
355,78418064.000,1773,785
356,78418144.000,1814,738
357,78418200.000,1825,711
358,78418264.000,1685,667
359,78418304.000,969,577
360,78418400.000,507,542
361,78418464.000,478,546
362,78418520.000,417,531
363,78418576.000,412,533
364,78418640.000,404,540
365,78418712.000,419,573
366,78418760.000,423,590
367,78418864.000,426,599
368,78418904.000,441,584
369,78418984.000,457,592
370,78419040.000,498,618
371,78419120.000,501,609
372,78419160.000,506,626
373,78419208.000,500,564
374,78419296.000,531,594
375,78419360.000,528,593
376,78419416.000,496,552
377,78419480.000,510,581
378,78419536.000,539,611
379,78419616.000,569,588
380,78419696.000,571,622
381,78419744.000,538,609
382,78419808.000,546,613
383,78419864.000,544,625
384,78419928.000,538,625
385,78420008.000,529,615
386,78420064.000,565,651
387,78420136.000,623,669
388,78420200.000,628,676
389,78420256.000,633,660
390,78420336.000,628,640
391,78420376.000,638,636
392,78420440.000,636,673
393,78420496.000,634,683
394,78420560.000,644,669
395,78420632.000,671,651
396,78420704.000,668,673
397,78420784.000,660,693
398,78420856.000,664,694
399,78420920.000,700,699
400,78420976.000,693,720
401,78421056.000,693,734
402,78421112.000,707,704
403,78421192.000,733,696
404,78421232.000,1102,496
405,78421304.000,1742,431
406,78421368.000,1787,425
407,78421424.000,1804,389
408,78421520.000,1722,406
409,78421576.000,1697,379
410,78421656.000,1715,354
411,78421712.000,1699,348
412,78421760.000,1711,327
413,78421832.000,1705,329
414,78421896.000,1689,343
415,78421952.000,1686,349
416,78422024.000,1712,352
417,78422088.000,1707,350
418,78422144.000,1698,376
419,78422208.000,1692,384
420,78422264.000,1630,389
421,78422352.000,1625,359
422,78422392.000,1636,362
423,78422464.000,1619,390
424,78422504.000,1615,388
425,78422584.000,1601,385
426,78422640.000,1601,389
427,78422704.000,1567,411
428,78422776.000,1557,377
429,78422840.000,1570,368
430,78422896.000,1570,381
431,78422960.000,1563,391
432,78423016.000,1558,402
433,78423096.000,1554,411
434,78423168.000,1544,413
435,78423224.000,1549,400
436,78423288.000,1551,423
437,78423360.000,1552,435
438,78423408.000,1552,433
439,78423480.000,1546,436
440,78423560.000,1547,418
441,78423616.000,1522,446
442,78423680.000,1544,430
443,78423736.000,1537,455
444,78423832.000,1549,442
445,78423888.000,1541,440
446,78423944.000,1557,452
447,78424008.000,1551,455
448,78424064.000,1550,470
449,78424128.000,1582,438
450,78424200.000,1586,439
451,78424280.000,1586,447
452,78424352.000,1588,441
453,78424416.000,1588,445
454,78424456.000,1592,440
455,78424536.000,1582,437
456,78424608.000,1599,455
457,78424656.000,1624,443
458,78424728.000,1672,360
459,78424792.000,1663,405
460,78424848.000,1659,414
461,78424904.000,1675,381
462,78424984.000,1701,435
463,78425048.000,1739,437
464,78425120.000,1763,465
465,78425176.000,1783,469
466,78425240.000,1787,460
467,78425296.000,1794,452
468,78425360.000,1792,451
469,78425416.000,1726,507
470,78425496.000,1829,488
471,78425552.000,1839,477
472,78425616.000,1824,466
473,78425656.000,1803,495
474,78425744.000,1825,468
475,78425808.000,1895,436
476,78425880.000,1861,484
477,78425944.000,1852,499
478,78426000.000,1864,494
479,78426064.000,1873,505
480,78426104.000,1884,478
481,78426184.000,1886,484
482,78426264.000,1872,511
483,78426336.000,1865,501
484,78426392.000,1904,484
485,78426464.000,1926,405
486,78426528.000,1879,519
487,78426560.000,1900,487
488,78426560.000,1900,487
489,78426560.000,1900,487
490,78426800.000,1883,421
491,78426856.000,1863,459
492,78426952.000,1847,485
493,78427008.000,1839,494
494,78427080.000,1763,517
495,78427160.000,1756,546
496,78427216.000,1766,529
497,78427280.000,1791,525
498,78427352.000,1784,564
499,78427432.000,1799,564
500,78427488.000,1758,558
501,78427544.000,1718,578
502,78427608.000,1730,586
503,78427664.000,1726,589
504,78427728.000,1709,587
505,78427824.000,1734,567
506,78427880.000,1731,560
507,78427936.000,1741,557
508,78427984.000,1728,557
509,78428056.000,772,542
510,78428152.000,381,655
511,78428192.000,373,650
512,78428280.000,326,650
513,78428344.000,294,738
514,78428400.000,285,755
515,78428464.000,264,754
516,78428544.000,197,796
517,78428600.000,99,847
518,78428656.000,84,876
519,78428744.000,89,871
520,78428808.000,101,850
521,78428864.000,87,833
522,78428944.000,146,821
523,78429016.000,173,800
524,78429088.000,228,773
525,78429152.000,233,772
526,78429216.000,249,744
527,78429288.000,247,714
528,78429352.000,264,725
529,78429392.000,302,721
530,78429464.000,286,696
531,78429544.000,268,730
532,78429560.000,263,736
533,78429560.000,263,736
534,78429560.000,263,736
535,78429768.000,442,851
536,78429768.000,442,851
537,78429768.000,442,851
538,78429944.000,345,1094
539,78430040.000,452,913
540,78430080.000,512,942
541,78430160.000,507,877
542,78430248.000,512,936
543,78430304.000,550,833
544,78430400.000,460,814
545,78430456.000,440,826
546,78430520.000,457,839
547,78430592.000,472,900
548,78430648.000,400,892
549,78430712.000,466,887
550,78430712.000,466,887
551,78430848.000,256,831
552,78430904.000,300,827
553,78430984.000,411,879
554,78431040.000,410,852
555,78431088.000,422,853
556,78431176.000,386,853
557,78431192.000,392,859
558,78431296.000,350,833
559,78431360.000,387,878
560,78431416.000,386,872
561,78431504.000,478,935
562,78431584.000,452,978
563,78431624.000,444,986
564,78431688.000,482,991
565,78431760.000,396,879
566,78431808.000,368,864
567,78431880.000,301,774
568,78431944.000,271,664
569,78432000.000,251,578
570,78432080.000,284,581
571,78432136.000,292,583
572,78432200.000,244,557
573,78432256.000,185,510
574,78432320.000,205,500
575,78432376.000,271,452
576,78432440.000,361,447
577,78432496.000,601,482
578,78432592.000,701,490
579,78432648.000,728,467
580,78432704.000,789,456
581,78432784.000,800,509
582,78432824.000,816,523
583,78432904.000,820,488
584,78432960.000,860,538
585,78433008.000,872,545
586,78433080.000,876,562
587,78433144.000,860,529
588,78433216.000,857,520
589,78433264.000,877,546
590,78433336.000,879,561
591,78433400.000,877,573
592,78433456.000,902,550
593,78433536.000,920,537
594,78433592.000,929,547
595,78433680.000,911,525
596,78433760.000,1194,492
597,78433816.000,1290,484
598,78433880.000,1357,484
599,78433936.000,1369,474
600,78434016.000,1355,473
601,78434096.000,1352,494
602,78434152.000,1324,544
603,78434208.000,1370,533
604,78434296.000,1393,501
605,78434360.000,1353,509
606,78434432.000,1375,513
607,78434496.000,1408,496
608,78434552.000,1407,524
609,78434624.000,1429,473
610,78434704.000,1435,455
611,78434760.000,1443,470
612,78434808.000,1443,474
613,78434896.000,1447,487
614,78434960.000,1436,440
615,78435016.000,1433,467
616,78435096.000,1422,481
617,78435152.000,1418,486
618,78435240.000,1425,454
619,78435304.000,1436,451
620,78435360.000,1452,411
621,78435408.000,1456,447
622,78435480.000,1458,457
623,78435544.000,1475,483
624,78435600.000,1464,511
625,78435664.000,1457,503
626,78435768.000,1427,494
627,78435824.000,1440,497
628,78435888.000,1432,494
629,78435968.000,1444,511
630,78436008.000,1437,512
631,78436064.000,1455,499
632,78436144.000,1452,508
633,78436200.000,1369,563
634,78436264.000,1186,557
635,78436336.000,1153,564
636,78436408.000,1133,530
637,78436456.000,1128,501
638,78436544.000,1105,516
639,78436608.000,1016,504
640,78436664.000,968,507
641,78436744.000,970,512
642,78436784.000,945,512
643,78436864.000,888,482
644,78436904.000,831,508
645,78436984.000,748,497
646,78437040.000,754,525
647,78437120.000,744,491
648,78437192.000,668,526
649,78437248.000,606,509
650,78437312.000,559,463
651,78437360.000,556,461
652,78437432.000,572,477
653,78437512.000,559,448
654,78437584.000,508,443
655,78437640.000,459,460
656,78437704.000,464,491
657,78437760.000,450,459
658,78437808.000,428,439
659,78437920.000,377,437
660,78437960.000,324,462
661,78438048.000,303,489
662,78438104.000,261,467
663,78438168.000,260,471
664,78438224.000,254,472
665,78438320.000,135,520
666,78438376.000,63,518
667,78438408.000,65,522
668,78438496.000,777,717
669,78438560.000,1262,802
670,78438616.000,1305,787
671,78438688.000,1255,790
672,78438768.000,1277,781
673,78438824.000,1274,779
674,78438904.000,1272,787
675,78438960.000,1240,795
676,78439008.000,1194,785
677,78439096.000,1183,755
678,78439160.000,1173,771
679,78439232.000,1165,818
680,78439288.000,1203,791
681,78439352.000,1214,744
682,78439408.000,1125,764
683,78439456.000,1149,821
684,78439520.000,1148,815
685,78439608.000,1151,789
686,78439648.000,1153,765
687,78439744.000,1138,806
688,78439800.000,1134,833
689,78439864.000,1134,824
690,78439952.000,1130,820
691,78440008.000,1134,789
692,78440056.000,1103,823
693,78440128.000,1055,852
694,78440208.000,1117,798
695,78440264.000,1092,858
696,78440344.000,1074,859
697,78440400.000,984,803
698,78440480.000,597,741
699,78440504.000,500,730
700,78440600.000,388,755
701,78440656.000,352,744
702,78440744.000,286,732
703,78440808.000,275,737
704,78440864.000,292,701
705,78440944.000,250,624
706,78440984.000,212,558
707,78441080.000,222,522
708,78441136.000,201,495
709,78441200.000,183,423
710,78441256.000,203,424
711,78441320.000,251,405
712,78441376.000,284,390
713,78441464.000,368,345
714,78441536.000,702,325
715,78441584.000,782,360
716,78441648.000,799,382
717,78441688.000,821,401
718,78441768.000,895,437
719,78441848.000,951,374
720,78441888.000,967,347
721,78441960.000,957,421
722,78442008.000,953,428
723,78442080.000,954,401
724,78442160.000,975,451
725,78442240.000,1003,513
726,78442288.000,997,452
727,78442352.000,1000,462
728,78442408.000,1002,432
729,78442456.000,1001,455
730,78442528.000,1043,465
731,78442608.000,1031,453
732,78442664.000,1038,418
733,78442728.000,1058,428
734,78442784.000,1071,453
735,78442848.000,1067,467
736,78442904.000,1098,447
737,78442968.000,1082,448
738,78443040.000,1107,383
739,78443104.000,1121,382
740,78443160.000,1121,439
741,78443208.000,1103,453
742,78443296.000,1106,461
743,78443360.000,1137,437
744,78443416.000,1132,451
745,78443488.000,1119,451
746,78443536.000,1123,442
747,78443608.000,1144,451
748,78443688.000,1115,461
749,78443728.000,1119,439
750,78443808.000,1110,466
751,78443864.000,1103,495
752,78443928.000,1117,455
753,78443984.000,1142,459
754,78444048.000,1143,460
755,78444104.000,1120,471
756,78444184.000,1119,421
757,78444224.000,1141,449
758,78444304.000,1156,484
759,78444360.000,1108,466
760,78444408.000,1099,455
761,78444512.000,1062,477
762,78444592.000,1095,425
763,78444648.000,1065,471
764,78444704.000,1101,497
765,78444784.000,1079,467
766,78444840.000,1090,487
767,78444904.000,1114,486
768,78444976.000,1106,449
769,78445040.000,1123,460
770,78445096.000,1130,456
771,78445144.000,1126,453
772,78445192.000,1139,438
773,78445312.000,1299,498
774,78445368.000,1170,491
775,78445424.000,1219,503
776,78445488.000,1220,508
777,78445520.000,1219,512
778,78445520.000,1219,512
779,78445664.000,1387,527
780,78445744.000,1280,498
781,78445784.000,1301,548
782,78445880.000,1293,486
783,78445904.000,1275,509
784,78446000.000,1229,519
785,78446056.000,1197,553
786,78446128.000,1235,553
787,78446208.000,1249,542
788,78446264.000,1271,535
789,78446328.000,1278,508
790,78446400.000,1271,474
791,78446480.000,1272,500
792,78446544.000,1271,514
793,78446608.000,1238,543
794,78446656.000,1270,532
795,78446728.000,1239,472
796,78446808.000,1244,464
797,78446872.000,1236,463
798,78446928.000,1234,498
799,78447000.000,1226,474
800,78447080.000,1238,448
801,78447136.000,1221,469
802,78447216.000,1216,474
803,78447256.000,1225,482
804,78447328.000,1243,444
805,78447392.000,1204,527
806,78447448.000,1192,464
807,78447528.000,1162,515
808,78447584.000,1157,547
809,78447664.000,1140,526
810,78447736.000,1164,538
811,78447784.000,1183,553
812,78447840.000,1159,546
813,78447928.000,1128,587
814,78447992.000,1147,635
815,78448048.000,1154,639
816,78448112.000,1135,644
817,78448160.000,1145,637
818,78448248.000,1134,620
819,78448304.000,1111,619
820,78448368.000,1100,611
821,78448448.000,1106,658
822,78448488.000,1106,674
823,78448560.000,1041,557
824,78448608.000,1054,595
825,78448680.000,1099,655
826,78448744.000,1101,654
827,78448800.000,1072,606
828,78448880.000,1015,603
829,78448936.000,1054,608
830,78448984.000,1040,619
831,78449056.000,539,549
832,78449128.000,399,612
833,78449208.000,390,589
834,78449264.000,385,583
835,78449344.000,377,609
836,78449400.000,390,624
837,78449464.000,344,556
838,78449504.000,362,555
839,78449584.000,340,555
840,78449656.000,407,598
841,78449720.000,409,610
842,78449760.000,401,616
843,78449840.000,362,588
844,78449928.000,424,618
845,78450008.000,371,581
846,78450080.000,373,568
847,78450152.000,399,631
848,78450208.000,393,606
849,78450256.000,377,623
850,78450328.000,344,558
851,78450408.000,349,588
852,78450464.000,378,608
853,78450544.000,390,595
854,78450616.000,387,606
855,78450688.000,391,612
856,78450704.000,384,608
857,78450816.000,353,565
858,78450856.000,385,591
859,78450928.000,394,570
860,78450992.000,391,576
861,78451048.000,357,539
862,78451112.000,311,467
863,78451160.000,292,417
864,78451232.000,321,389
865,78451304.000,299,372
866,78451368.000,238,215
867,78451440.000,234,144
868,78451520.000,261,125
869,78451584.000,328,146
870,78451640.000,342,108
871,78451696.000,419,94
872,78451760.000,652,122
873,78451816.000,676,118
874,78451888.000,774,165
875,78451968.000,852,177
876,78452024.000,873,181
877,78452056.000,901,221
878,78452144.000,947,197
879,78452208.000,960,213
880,78452280.000,1006,252
881,78452360.000,1019,260
882,78452432.000,1036,286
883,78452488.000,1024,280
884,78452552.000,1040,258
885,78452608.000,1040,256
886,78452656.000,1027,280
887,78452744.000,1044,301
888,78452808.000,1061,292
889,78452880.000,1057,277
890,78452944.000,1068,302
891,78453016.000,1078,273
892,78453080.000,1089,268
893,78453152.000,1091,280
894,78453208.000,1101,296
895,78453256.000,1121,304
896,78453328.000,1130,324
897,78453408.000,1169,347
898,78453496.000,1174,339
899,78453560.000,1162,319
900,78453632.000,1181,338
901,78453688.000,1145,398
902,78453736.000,1129,365
903,78453808.000,1140,344
904,78453856.000,1154,377
905,78453944.000,1145,406
906,78453992.000,1154,338
907,78454064.000,1161,349
908,78454128.000,1127,357
909,78454216.000,1145,374
910,78454288.000,1148,366
911,78454368.000,1140,364
912,78454424.000,1139,363
913,78454488.000,1109,358
914,78454544.000,1110,352
915,78454608.000,1131,384
916,78454688.000,1131,378
917,78454744.000,1122,379
918,78454816.000,1140,387
919,78454888.000,1154,368
920,78454952.000,1152,379
921,78455008.000,1178,377
922,78455104.000,1222,369
923,78455144.000,1196,404
924,78455208.000,1201,403
925,78455296.000,1228,408
926,78455360.000,1238,421
927,78455448.000,1243,416
928,78455504.000,1239,441
929,78455568.000,1230,383
930,78455624.000,1255,385
931,78455656.000,1256,408
932,78455760.000,1261,415
933,78455840.000,1223,420
934,78455912.000,1192,392
935,78455952.000,1180,384
936,78456032.000,1157,376
937,78456088.000,1209,382
938,78456152.000,1222,379
939,78456232.000,1222,426
940,78456288.000,1222,398
941,78456360.000,1205,414
942,78456408.000,1194,409
943,78456496.000,1192,409
944,78456560.000,1183,382
945,78456632.000,1187,381
946,78456688.000,1196,391
947,78456752.000,1204,399
948,78456800.000,1208,364
949,78456856.000,1197,364
950,78456928.000,1219,345
951,78456992.000,1205,360
952,78457064.000,1212,387
953,78457128.000,1235,393
954,78457184.000,1264,369
955,78457264.000,1251,375
956,78457304.000,1232,336
957,78457384.000,1256,352
958,78457456.000,1262,351
959,78457528.000,1274,357
960,78457592.000,1268,375
961,78457648.000,1281,332
962,78457728.000,1246,399
963,78457800.000,1235,374
964,78457848.000,1247,366
965,78457904.000,1260,363
966,78457984.000,1269,364
967,78458040.000,1271,365
968,78458128.000,1239,376
969,78458192.000,1237,367
970,78458264.000,1205,409
971,78458328.000,1221,402
972,78458384.000,1184,423
973,78458448.000,1187,366
974,78458504.000,1177,392
975,78458600.000,1148,408
976,78458656.000,1156,455
977,78458744.000,1127,498
978,78458808.000,1125,499
979,78458864.000,1111,488
980,78458944.000,1124,492
981,78459008.000,1131,472
982,78459064.000,1139,443
983,78459104.000,1154,474
984,78459184.000,1135,477
985,78459256.000,1122,467
986,78459304.000,1089,476
987,78459360.000,926,449
988,78459440.000,875,435
989,78459496.000,868,502
990,78459552.000,872,463
991,78459616.000,866,416
992,78459696.000,909,436
993,78459768.000,895,457
994,78459840.000,910,455
995,78459912.000,922,425
996,78459976.000,930,417
997,78460048.000,960,443
998,78460128.000,955,387
999,78460184.000,941,377
1000,78460248.000,914,393
1001,78460304.000,947,386
1002,78460384.000,1006,411
1003,78460440.000,1004,412
1004,78460504.000,982,394
1005,78460576.000,975,449
1006,78460608.000,960,432
1007,78460696.000,969,436
1008,78460760.000,958,449
1009,78460832.000,948,429
1010,78460896.000,938,430
1011,78460968.000,971,428
1012,78461040.000,986,412
1013,78461112.000,904,399
1014,78461176.000,947,475
1015,78461248.000,978,447
1016,78461320.000,969,431
1017,78461360.000,945,455
1018,78461432.000,958,457
1019,78461488.000,967,457
1020,78461552.000,959,433
1021,78461640.000,987,447
1022,78461712.000,990,394
1023,78461792.000,1027,371
1024,78461848.000,996,348
1025,78461912.000,999,351
1026,78461944.000,1000,340
1027,78462048.000,1002,227
1028,78462104.000,988,212
1029,78462200.000,947,193
1030,78462256.000,943,193
1031,78462312.000,998,248
1032,78462376.000,978,236
1033,78462456.000,999,235
1034,78462528.000,985,243
1035,78462600.000,971,251
1036,78462664.000,948,278
1037,78462752.000,946,289
1038,78462792.000,933,312
1039,78462856.000,929,311
1040,78462944.000,941,275
1041,78463008.000,963,290
1042,78463064.000,969,292
1043,78463128.000,974,307
1044,78463200.000,1020,264
1045,78463248.000,1044,243
1046,78463304.000,1037,237
1047,78463384.000,1050,270
1048,78463440.000,1058,278
1049,78463504.000,1049,293
1050,78463560.000,1049,267
1051,78463608.000,1060,294
1052,78463696.000,1053,271
1053,78463752.000,1040,259
1054,78463832.000,1047,276
1055,78463888.000,1047,287
1056,78463952.000,1057,310
1057,78464008.000,1035,320
1058,78464056.000,1035,322
1059,78464144.000,1009,328
1060,78464208.000,1108,363
1061,78464280.000,1106,466
1062,78464360.000,1128,424
1063,78464432.000,1138,352
1064,78464496.000,1109,368
1065,78464552.000,1066,398
1066,78464608.000,1093,387
1067,78464656.000,1101,369
1068,78464728.000,1034,382
1069,78464792.000,1013,385
1070,78464864.000,1023,387
1071,78464928.000,1038,394
1072,78464984.000,1050,378
1073,78465064.000,1028,422
1074,78465104.000,1017,412
1075,78465216.000,1047,439
1076,78465288.000,1049,406
1077,78465360.000,1093,481
1078,78465408.000,1097,458
1079,78465480.000,1088,427
1080,78465560.000,1106,428
1081,78465600.000,1151,449
1082,78465672.000,1353,369
1083,78465752.000,1343,419
1084,78465824.000,1351,437
1085,78465904.000,1349,423
1086,78465968.000,1362,439
1087,78466040.000,1346,436
1088,78466112.000,1383,459
1089,78466152.000,1361,451
1090,78466232.000,1372,440
1091,78466304.000,1371,484
1092,78466384.000,1396,466
1093,78466440.000,1383,488
1094,78466504.000,1359,461
1095,78466560.000,1374,464
1096,78466608.000,1393,479
1097,78466680.000,1388,505
1098,78466760.000,1389,521
1099,78466832.000,1370,513
1100,78466888.000,1371,485
1101,78466936.000,1379,482
1102,78467024.000,1375,505
1103,78467088.000,1351,513
1104,78467144.000,1356,498
1105,78467240.000,1361,510
1106,78467296.000,1353,504
1107,78467352.000,1367,422
1108,78467432.000,1356,412
1109,78467488.000,1350,393
1110,78467536.000,1308,329
1111,78467608.000,1301,324
1112,78467656.000,1397,279
1113,78467728.000,1420,261
1114,78467808.000,1421,247
1115,78467864.000,1394,252
1116,78467928.000,1403,260
1117,78468000.000,1470,202
1118,78468072.000,1494,195
1119,78468136.000,1491,196
1120,78468192.000,1451,219
1121,78468256.000,1447,216
1122,78468320.000,1456,217
1123,78468376.000,1472,228
1124,78468448.000,1486,222
1125,78468512.000,1466,224
1126,78468600.000,1449,245
1127,78468648.000,1434,249
1128,78468704.000,1420,253
1129,78468784.000,1439,216
1130,78468840.000,1432,214
1131,78468912.000,1413,225
1132,78468976.000,1411,250
1133,78469040.000,1411,255
1134,78469112.000,1374,260
1135,78469184.000,1323,271
1136,78469248.000,1417,275
1137,78469304.000,1390,300
1138,78469368.000,1354,289
1139,78469424.000,1368,245
1140,78469488.000,1386,246
1141,78469560.000,1350,289
1142,78469608.000,1369,280
1143,78469680.000,1379,263
1144,78469744.000,1379,258
1145,78469800.000,1381,229
1146,78469864.000,1397,223
1147,78469952.000,1387,212
1148,78469992.000,1373,213
1149,78470088.000,1366,244
1150,78470144.000,1388,256
1151,78470208.000,1398,264
1152,78470264.000,1380,216
1153,78470344.000,1390,213
1154,78470400.000,1323,263
1155,78470472.000,1380,212
1156,78470536.000,1378,184
1157,78470592.000,1399,219
1158,78470656.000,1346,216
1159,78470744.000,1199,185
1160,78470808.000,983,180
1161,78470864.000,965,169
1162,78470928.000,953,173
1163,78471000.000,916,194
1164,78471080.000,912,193
1165,78471136.000,873,191
1166,78471192.000,864,204
1167,78471256.000,855,171
1168,78471344.000,849,182
1169,78471408.000,855,181
1170,78471480.000,867,175
1171,78471544.000,877,176
1172,78471600.000,888,167
1173,78471664.000,862,196
1174,78471736.000,865,214
1175,78471816.000,869,204
1176,78471856.000,880,181
1177,78471944.000,870,220
1178,78472008.000,868,210
1179,78472064.000,874,183
1180,78472144.000,882,181
1181,78472200.000,881,192
1182,78472264.000,874,194
1183,78472304.000,877,188
1184,78472384.000,863,197
1185,78472440.000,861,199
1186,78472512.000,896,190
1187,78472576.000,878,185
1188,78472648.000,881,185
1189,78472696.000,896,218
1190,78472760.000,898,205
1191,78472832.000,901,166
1192,78472888.000,887,177
1193,78472968.000,887,201
1194,78473040.000,903,207
1195,78473112.000,939,229
1196,78473176.000,942,202
1197,78473232.000,929,206
1198,78473328.000,944,259
1199,78473384.000,950,240
1200,78473464.000,908,224
1201,78473504.000,917,218
1202,78473584.000,929,227
1203,78473640.000,936,225
1204,78473704.000,939,185
1205,78473784.000,944,199
1206,78473848.000,941,216
1207,78473912.000,944,219
1208,78473952.000,915,213
1209,78474048.000,916,191
1210,78474112.000,925,202
1211,78474152.000,934,236
1212,78474224.000,1075,276
1213,78474256.000,1087,290
1214,78474344.000,1117,292
1215,78474408.000,1110,280
1216,78474480.000,1218,300
1217,78474528.000,1245,307
1218,78474584.000,1258,325
1219,78474664.000,1258,330
1220,78474704.000,1263,330
1221,78474784.000,1263,329
1222,78474840.000,1263,327
1223,78474896.000,1249,316
1224,78474992.000,1276,315
1225,78475040.000,1302,305
1226,78475112.000,1289,295
1227,78475184.000,1247,270
1228,78475248.000,1260,299
1229,78475304.000,1261,289
1230,78475392.000,1266,309
1231,78475456.000,1256,307
1232,78475512.000,1254,309
1233,78475576.000,1266,300
1234,78475640.000,1267,314
1235,78475712.000,1301,283
1236,78475784.000,1297,278
1237,78475848.000,1320,314
1238,78475904.000,1295,317
1239,78475984.000,1293,304
1240,78476056.000,1275,335
1241,78476136.000,1305,287
1242,78476208.000,1289,300
1243,78476264.000,1288,284
1244,78476328.000,1273,289
1245,78476400.000,1258,283
1246,78476464.000,1281,299
1247,78476544.000,1271,352
1248,78476608.000,1297,315
1249,78476656.000,1309,278
1250,78476728.000,1308,268
1251,78476792.000,1295,310
1252,78476848.000,1263,261
1253,78476912.000,1282,307
1254,78476984.000,1256,308
1255,78477048.000,1235,300
1256,78477104.000,1222,297
1257,78477200.000,1220,264
1258,78477256.000,1194,256
1259,78477328.000,1184,246
1260,78477392.000,1186,243
1261,78477448.000,1178,234
1262,78477512.000,1152,238
1263,78477552.000,824,215
1264,78477632.000,740,229
1265,78477704.000,721,189
1266,78477768.000,709,188
1267,78477824.000,527,131
1268,78477888.000,500,123
1269,78477944.000,508,135
1270,78478008.000,493,141
1271,78478096.000,514,133
1272,78478152.000,522,164
1273,78478216.000,520,232
1274,78478272.000,505,220
1275,78478352.000,509,222
1276,78478424.000,460,177
1277,78478504.000,468,167
1278,78478560.000,488,258
1279,78478608.000,497,286
1280,78478696.000,498,259
1281,78478752.000,495,257
1282,78478832.000,509,299
1283,78478872.000,528,294
1284,78478952.000,534,285
1285,78479008.000,571,296
1286,78479056.000,558,271
1287,78479152.000,564,286
1288,78479208.000,566,325
1289,78479296.000,582,328
1290,78479352.000,550,273
1291,78479416.000,530,238
1292,78479472.000,530,227
1293,78479536.000,491,172
1294,78479616.000,519,101
1295,78479688.000,497,102
1296,78479744.000,502,109
1297,78479808.000,496,99
1298,78479880.000,505,125
1299,78479936.000,509,137
1300,78480000.000,484,118
1301,78480088.000,481,88
1302,78480152.000,542,151
1303,78480208.000,526,150
1304,78480256.000,491,129
1305,78480328.000,492,174
1306,78480408.000,504,243
1307,78480480.000,505,248
1308,78480536.000,469,223
1309,78480600.000,471,237
1310,78480656.000,517,269
1311,78480736.000,516,276
1312,78480824.000,533,333
1313,78480904.000,517,303
1314,78480960.000,508,307
1315,78481008.000,513,302
1316,78481080.000,528,326
1317,78481144.000,511,299
1318,78481200.000,498,294
1319,78481288.000,528,372
1320,78481352.000,512,388
1321,78481424.000,540,382
1322,78481488.000,551,445
1323,78481544.000,531,442
1324,78481608.000,520,421
1325,78481696.000,536,436
1326,78481752.000,535,412
1327,78481816.000,501,395
1328,78481872.000,557,374
1329,78481936.000,549,356
1330,78482008.000,505,319
1331,78482056.000,511,337
1332,78482144.000,507,329
1333,78482208.000,515,318
1334,78482264.000,485,308
1335,78482320.000,467,411
1336,78482416.000,497,406
1337,78482472.000,478,403
1338,78482536.000,499,405
1339,78482592.000,502,419
1340,78482656.000,489,416
1341,78482752.000,477,394
1342,78482808.000,472,392
1343,78482864.000,478,393
1344,78482928.000,469,389
1345,78483000.000,490,415
1346,78483048.000,496,398
1347,78483104.000,526,381
1348,78483168.000,547,367
1349,78483240.000,560,405
1350,78483312.000,654,464
1351,78483392.000,823,477
1352,78483472.000,876,489
1353,78483544.000,890,504
1354,78483600.000,888,500
1355,78483664.000,921,549
1356,78483704.000,953,554
1357,78483792.000,951,561
1358,78483856.000,972,529
1359,78483920.000,1005,536
1360,78483976.000,1008,621
1361,78484048.000,1010,618
1362,78484112.000,992,663
1363,78484152.000,989,654
1364,78484232.000,989,676
1365,78484304.000,972,638
1366,78484304.000,972,638
1367,78484304.000,972,638
1368,78484496.000,1344,512
1369,78484560.000,1325,638
1370,78484600.000,1318,650
1371,78484680.000,1307,643
1372,78484752.000,1334,580
1373,78484816.000,1322,603
1374,78484872.000,1306,687
1375,78484952.000,1335,700
1376,78485024.000,1381,648
1377,78485104.000,1375,606
1378,78485144.000,1379,673
1379,78485192.000,1390,636
1380,78485280.000,1407,608
1381,78485352.000,1384,649
1382,78485416.000,1368,678
1383,78485488.000,1415,664
1384,78485552.000,1437,624
1385,78485608.000,1519,675
1386,78485656.000,1507,663
1387,78485744.000,1496,634
1388,78485808.000,1489,647
1389,78485808.000,1489,647
1390,78485808.000,1489,647
1391,78486016.000,1489,675
1392,78486072.000,1528,688
1393,78486104.000,1494,722
1394,78486192.000,1502,597
1395,78486256.000,1512,609
1396,78486312.000,1498,618
1397,78486392.000,1487,642
1398,78486448.000,1463,657
1399,78486512.000,1382,720
1400,78486552.000,1424,679
1401,78486648.000,1437,639
1402,78486704.000,1369,662
1403,78486704.000,1369,662
1404,78486704.000,1369,662
1405,78486704.000,1369,662
1406,78486960.000,1180,631
1407,78487008.000,1179,632
1408,78487080.000,1034,642
1409,78487152.000,903,617
1410,78487216.000,894,622
1411,78487296.000,900,604
1412,78487368.000,876,615
1413,78487432.000,742,628
1414,78487488.000,690,624
1415,78487544.000,660,619
1416,78487592.000,630,617
1417,78487712.000,554,641
1418,78487752.000,503,644
1419,78487848.000,451,649
1420,78487904.000,447,645
1421,78487976.000,449,670
1422,78488040.000,417,658
1423,78488096.000,232,645
1424,78488192.000,210,648
1425,78488248.000,212,665
1426,78488312.000,242,643
1427,78488384.000,232,651
1428,78488448.000,194,651
1429,78488504.000,203,660
1430,78488568.000,211,654
1431,78488640.000,214,614
1432,78488712.000,159,639
1433,78488776.000,244,666
1434,78488832.000,258,631
1435,78488928.000,289,642
1436,78489000.000,330,686
1437,78489056.000,281,661
1438,78489104.000,308,665
1439,78489176.000,366,706
1440,78489256.000,342,728
1441,78489312.000,364,733
1442,78489384.000,372,753
1443,78489448.000,327,769
1444,78489512.000,370,736
1445,78489552.000,359,762
1446,78489616.000,354,757
1447,78489688.000,389,796
1448,78489752.000,393,837
1449,78489824.000,428,895
1450,78489888.000,431,893
1451,78489944.000,378,832
1452,78490008.000,355,798
1453,78490096.000,435,872
1454,78490152.000,425,865
1455,78490248.000,416,775
1456,78490304.000,417,729
1457,78490368.000,384,704
1458,78490424.000,439,739
1459,78490488.000,446,810
1460,78490560.000,429,730
1461,78490608.000,436,716
1462,78490680.000,418,766
1463,78490736.000,462,717
1464,78490816.000,1269,744
1465,78490888.000,1676,817
1466,78490968.000,1622,821
1467,78491024.000,1598,882
1468,78491088.000,1642,860
1469,78491144.000,1719,862
1470,78491208.000,1738,859
1471,78491280.000,1764,802
1472,78491336.000,1771,838
1473,78491400.000,1806,837
1474,78491456.000,1828,897
1475,78491504.000,1849,884
1476,78491608.000,1860,879
1477,78491656.000,1846,879
1478,78491728.000,1864,880
1479,78491792.000,1864,949
1480,78491848.000,1892,898
1481,78491912.000,1848,888
1482,78491952.000,1831,907
1483,78492032.000,1841,890
1484,78492088.000,1887,919
1485,78492168.000,1893,958
1486,78492224.000,1884,942
1487,78492288.000,1862,947
1488,78492328.000,1889,935
1489,78492400.000,1536,700
1490,78492480.000,1171,566
1491,78492520.000,1177,571
1492,78492600.000,1166,447
1493,78492672.000,1157,405
1494,78492736.000,1178,413
1495,78492792.000,1143,332
1496,78492856.000,1097,306
1497,78492944.000,1109,295
1498,78493008.000,1112,367
1499,78493064.000,1111,382
1500,78493144.000,1054,312
1501,78493200.000,1066,293
1502,78493272.000,1087,256
1503,78493336.000,1112,277
1504,78493408.000,1124,188
1505,78493456.000,1110,206
1506,78493528.000,1131,227
1507,78493608.000,1159,167
1508,78493680.000,1135,183
1509,78493728.000,1158,132
1510,78493816.000,1186,96
1511,78493872.000,1171,94
1512,78493936.000,1150,93
1513,78494016.000,1158,70
1514,78494088.000,1158,49
1515,78494160.000,1135,68
1516,78494208.000,1156,37
1517,78494280.000,1171,74
1518,78494336.000,1242,51
1519,78494400.000,1245,39
1520,78494472.000,1141,76
1521,78494536.000,1187,-18
1522,78494608.000,1287,39
1523,78494688.000,1234,131
1524,78494744.000,1274,98
1525,78494808.000,1281,100
1526,78494864.000,1282,114
1527,78494952.000,1282,147
1528,78495016.000,1274,154
1529,78495072.000,1525,301
1530,78495136.000,1601,386
1531,78495224.000,1568,424
1532,78495288.000,1597,406
1533,78495344.000,1613,399
1534,78495408.000,1634,423
1535,78495480.000,1664,424
1536,78495560.000,1641,473
1537,78495616.000,1597,508
1538,78495672.000,1637,495
1539,78495736.000,1708,494
1540,78495792.000,1708,454
1541,78495856.000,1714,440
1542,78495928.000,1708,450
1543,78495992.000,1696,440
1544,78496072.000,1686,453
1545,78496128.000,1663,447
1546,78496200.000,1692,445
1547,78496272.000,1693,500
1548,78496352.000,1725,431
1549,78496408.000,1691,424
1550,78496456.000,1684,433
1551,78496544.000,1651,396
1552,78496608.000,1466,463
1553,78496608.000,1466,463
1554,78496608.000,1466,463
1555,78496608.000,1466,463
1556,78496832.000,1256,457
1557,78496952.000,1193,491
1558,78496960.000,1193,491
1559,78497056.000,1193,491
1560,78497096.000,1193,491
1561,78497176.000,1193,491
1562,78497176.000,1193,491
1563,78497280.000,1193,491
1564,78497400.000,1193,491
1565,78497456.000,478,197
1566,78497536.000,632,255
1567,78497576.000,628,345
1568,78497656.000,596,220
1569,78497712.000,561,102
1570,78497776.000,652,283
