5139.227,2396,0.029,-0.030,8432
5173.686,2396,0.000,-0.031,7229
5208.052,2396,0.030,0.031,1738
5242.227,2396,-0.029,0.030,5011
5276.690,2396,0.030,0.031,-3350
5311.065,2396,0.000,0.000,2179
5345.228,2396,-0.029,0.030,-3258
5381.063,2396,0.000,-0.030,-4333
5416.812,2396,0.000,0.000,-2050
5451.166,2396,0.000,0.000,873
5485.240,2396,0.000,0.000,-2990
5519.688,2396,0.000,0.000,3009
5554.041,2396,0.000,0.000,-5070
5588.223,2396,0.000,0.000,-5762
5622.686,2396,0.000,0.000,357
5657.041,2396,0.000,0.000,-2464
5691.227,2396,0.000,0.000,-2361
5725.687,2396,0.000,0.000,1062
5760.044,2396,0.000,0.000,-3937
5794.227,2396,0.000,0.000,3190
5828.692,2396,0.000,0.000,-2937
5863.051,2396,0.000,0.000,2327
5897.228,2396,0.000,0.000,-1194
5931.686,2396,0.000,0.000,-3889
5966.040,2396,0.000,0.000,1485
6000.228,2396,0.000,0.000,-4527
6034.687,2396,0.000,0.000,1327
6069.046,2396,0.000,0.000,-3299
6103.234,2396,-0.029,0.000,-612
6137.690,2395,-0.030,0.000,-3078
6173.217,2392,-0.057,0.000,-5932
6209.060,2389,-0.147,0.000,396
6243.225,2384,-0.118,0.000,-4930
6279.061,2379,-0.147,0.000,251
6313.226,2375,-0.088,0.000,-5940
6349.068,2372,-0.088,0.030,-3783
6384.817,2369,-0.086,0.000,-1223
6420.291,2368,0.000,0.000,-7678
6454.922,2367,0.000,0.062,-1407
6489.233,2366,0.000,0.030,-6540
6523.687,2365,-0.061,0.031,-3068
6559.213,2364,0.000,0.000,-4195
6594.195,2364,0.000,0.000,-8162
6629.179,2364,0.000,0.000,-2456
6663.815,2364,0.000,0.000,-7886
6698.178,2363,-0.030,0.000,-6121
6734.065,2363,0.000,0.000,-3042
6768.233,2363,0.000,0.030,-5937
6802.693,2363,0.030,-0.031,-7014
6838.220,2364,0.029,0.000,-3335
6872.692,2366,0.121,0.000,-9631
6907.060,2369,0.061,0.000,-3663
6941.226,2371,0.029,0.000,-6443
6975.687,2371,0.030,0.000,-1590
7010.051,2373,0.030,0.000,-183
7044.225,2374,0.059,-0.030,-4638
7080.068,2376,0.088,0.000,797
7114.227,2380,0.088,0.000,-5058
7148.682,2383,0.061,0.000,-4846
7183.059,2384,0.061,0.000,73
7217.228,2385,0.029,0.000,-3896
7251.693,2387,0.030,-0.031,-3872
7287.221,2388,0.000,0.029,590
7321.689,2388,0.030,-0.031,-4018
7357.218,2389,0.057,0.000,743
7391.693,2391,0.030,0.031,-4353
7426.074,2392,0.061,0.000,-3448
7460.225,2395,0.088,0.000,-651
7494.693,2399,0.152,0.000,-6432
7529.068,2405,0.212,0.000,1391
7563.228,2413,0.235,-0.030,-4793
7599.066,2422,0.265,0.000,-669
7633.235,2432,0.265,0.000,-5765
7667.693,2442,0.273,-0.031,-5653
7703.214,2451,0.257,0.000,-875
7737.692,2459,0.212,-0.031,-6395
7773.217,2466,0.171,0.000,-490
7807.692,2471,0.121,0.000,-7571
7842.062,2475,0.061,0.000,295
7876.227,2475,0.000,0.000,-4943
7910.693,2475,-0.030,0.031,-5660
7946.215,2472,-0.143,0.029,-2155
7982.070,2465,-0.265,0.000,-6819
8017.813,2451,-0.514,0.000,-2860
8053.291,2430,-0.629,0.000,-8037
8089.218,2404,-0.714,0.029,-6375
8125.063,2379,-0.676,0.030,-2206
8160.817,2352,-0.800,0.029,-6671
8196.575,2324,-0.714,0.029,-1880
8232.211,2300,-0.600,0.000,-7807
8268.065,2279,-0.618,0.000,-5666
8303.811,2256,-0.714,0.029,-3286
8339.291,2229,-0.743,0.000,-5636
8375.216,2204,-0.686,-0.029,5247
8411.067,2179,-0.706,0.000,12899
8446.811,2156,-0.600,0.000,38883
8482.285,2135,-0.571,0.000,68623
8518.213,2115,-0.486,-0.029,79193
8554.058,2100,-0.382,0.030,99682
8589.810,2088,-0.314,0.000,104721
8625.287,2077,-0.286,-0.029,118878
8661.218,2068,-0.257,0.000,132984
8697.064,2060,-0.176,0.000,135345
8732.814,2054,-0.086,0.000,144251
8768.287,2051,-0.057,0.000,142190
8804.217,2049,-0.057,0.000,148684
8840.067,2047,-0.059,0.000,149267
8875.815,2045,-0.057,0.029,148821
8911.295,2041,-0.171,0.029,170375
8947.211,2036,-0.086,0.000,170041
8983.229,2033,-0.057,0.000,177708
9019.060,2032,-0.029,-0.030,176226
9054.817,2031,0.000,0.000,170609
9090.281,2031,0.000,0.000,174641
9126.211,2031,0.000,0.029,167452
9161.210,2031,0.000,0.000,165744
9196.207,2031,0.000,0.000,169104
9231.194,2031,0.000,0.031,169538
9267.062,2031,0.000,0.000,162260
9302.796,2031,0.000,0.000,163945
9338.256,2031,0.000,0.000,154989
9374.072,2033,0.147,0.000,141218
9409.811,2040,0.257,0.000,111470
9445.288,2050,0.314,0.000,80982
9479.934,2063,0.364,0.031,65455
9514.226,2076,0.412,0.030,44350
9548.688,2090,0.424,-0.031,31445
9584.219,2105,0.400,0.029,29687
9618.682,2118,0.333,0.062,20750
9653.067,2130,0.364,0.000,11091
9687.233,2143,0.412,-0.030,8364
9721.697,2157,0.364,0.000,-346
9756.063,2171,0.485,0.000,1145
9790.225,2188,0.529,-0.030,-4582
9826.059,2208,0.618,0.000,-2511
9860.229,2231,0.676,0.030,-398
9894.686,2256,0.727,0.000,-5575
9929.059,2280,0.667,-0.031,-1018
9964.817,2304,0.657,-0.029,-6870
10000.579,2326,0.571,0.029,-4105
10036.214,2346,0.543,0.000,-3058
10072.063,2365,0.559,0.030,441
10106.228,2385,0.588,0.000,-6974
10142.061,2404,0.559,0.000,-392
10176.227,2423,0.471,0.000,-7862
10212.062,2440,0.500,-0.030,1708
10247.814,2458,0.457,0.029,-3290
10283.576,2474,0.486,0.000,-11484
10319.213,2491,0.486,-0.029,-1739
10355.069,2509,0.441,0.000,-7382
10390.817,2524,0.400,0.000,-5367
10426.290,2539,0.457,0.029,-4579
10462.218,2554,0.343,-0.029,-2332
10498.058,2564,0.294,-0.030,-11546
10533.822,2573,0.200,0.000,-6730
10569.296,2579,0.143,-0.029,-10545
10605.219,2582,0.029,0.000,-4220
10641.062,2581,-0.088,0.030,-431
10676.817,2575,-0.229,-0.029,-6530
10712.578,2566,-0.286,0.000,-2406
10748.216,2554,-0.371,0.000,-9723
10784.067,2537,-0.529,0.000,-1309
10819.823,2517,-0.600,-0.059,-1687
10855.588,2494,-0.657,0.000,-5433
10891.220,2469,-0.743,0.000,629
10925.684,2443,-0.758,0.000,-5803
10961.215,2415,-0.857,0.029,-6269
10997.067,2384,-0.882,0.000,-3560
11032.810,2351,-0.971,-0.029,594
11068.293,2316,-1.000,-0.029,-5982
11104.217,2281,-0.971,0.029,-615
11140.060,2246,-0.971,0.030,-5539
11175.815,2214,-0.829,0.000,-2999
11211.297,2185,-0.800,0.000,5473
11247.214,2160,-0.600,0.059,17805
11283.065,2139,-0.588,-0.030,51590
11318.821,2119,-0.543,0.029,66270
11354.578,2102,-0.400,0.000,88595
11390.210,2088,-0.343,-0.029,104787
11426.060,2077,-0.294,0.000,111207
11461.807,2066,-0.286,0.000,130618
11497.287,2057,-0.200,0.000,134388
11533.210,2053,-0.057,0.000,139934
11569.062,2051,-0.059,0.000,136118
11604.814,2048,-0.114,0.000,139671
11640.295,2045,-0.029,0.000,146229
11676.212,2045,0.000,0.000,140491
11711.210,2045,0.000,0.000,139131
11746.196,2045,-0.030,0.000,142244
11782.063,2040,-0.171,-0.029,165253
11817.821,2035,-0.086,0.000,164351
11853.577,2033,-0.029,0.000,168970
11889.215,2032,-0.057,0.000,168928
11925.056,2030,-0.029,0.000,170482
11960.802,2030,0.000,0.000,169595
11996.265,2030,0.000,0.000,164295
12032.061,2030,0.000,0.000,169272
12067.803,2030,0.000,-0.029,161577
12103.289,2030,0.000,0.000,166520
12139.219,2030,0.000,0.000,165202
12175.240,2030,0.000,0.000,159120
12211.063,2030,0.000,0.000,163273
12246.801,2031,0.029,-0.029,151511
12282.292,2032,0.086,0.000,138697
12318.216,2037,0.171,0.000,116966
12354.056,2045,0.235,0.000,97107
12389.801,2055,0.343,0.029,67358
12425.291,2068,0.400,0.000,51073
12497.081,2103,0.529,-0.030,18807
12532.843,2122,0.514,0.000,10958
12568.586,2141,0.543,0.029,-5141
12604.219,2160,0.514,0.000,687
12638.686,2182,0.667,-0.031,-6459
12674.210,2205,0.600,0.000,-32
12708.691,2228,0.727,0.000,-1805
12744.214,2255,0.800,0.000,-4924
12780.065,2282,0.706,-0.030,485
12814.225,2306,0.647,-0.030,-6336
12850.058,2328,0.529,-0.030,-6271
12885.819,2346,0.514,0.029,-3212
12921.573,2364,0.514,0.029,-878
12955.949,2383,0.545,0.000,-7286
12991.794,2403,0.571,0.000,-1073
13027.269,2422,0.514,-0.029,-8771
13061.945,2441,0.515,0.000,-78
13096.227,2458,0.471,0.000,-4399
13132.058,2474,0.441,0.000,-5589
13167.811,2490,0.429,0.000,-431
13202.178,2506,0.394,0.000,-6314
13238.061,2520,0.400,0.000,-1380
13273.811,2535,0.429,0.000,-4886
13309.281,2551,0.371,-0.029,-6945
13345.214,2563,0.286,-0.029,829
13379.691,2573,0.273,0.000,-6195
13415.210,2582,0.229,0.000,-479
13449.684,2589,0.121,-0.031,-5709
13485.209,2591,0.000,0.000,-1352
13520.199,2591,0.000,0.000,-1094
13556.067,2591,0.000,0.000,-5469
13591.801,2589,-0.114,-0.029,496
13627.280,2582,-0.257,0.000,-7685
13663.215,2570,-0.429,0.000,-645
13699.067,2549,-0.794,0.000,-2639
13734.824,2518,-0.914,0.000,-6920
13770.293,2481,-1.057,0.000,416
13804.939,2444,-1.061,0.000,-6578
13840.797,2407,-1.086,0.000,-6559
13876.274,2368,-1.057,0.000,-4353
13912.219,2331,-1.029,0.000,-1295
13948.058,2296,-1.000,0.000,-5482
13983.807,2258,-1.114,0.000,542
14018.172,2221,-0.970,0.000,-5478
14054.067,2189,-0.886,0.000,6835
14089.807,2161,-0.686,-0.029,22921
14125.296,2137,-0.686,0.029,48810
14161.218,2114,-0.571,0.000,80832
14197.060,2096,-0.471,0.030,93574
14232.824,2081,-0.343,0.029,105854
14268.580,2072,-0.257,0.000,115750
14304.221,2061,-0.314,0.000,135468
14340.067,2053,-0.176,0.000,140793
14375.813,2046,-0.171,0.000,156698
14411.289,2040,-0.171,0.000,163457
14447.212,2034,-0.086,0.000,171055
14483.065,2031,-0.029,-0.030,176146
14518.832,2031,0.000,0.000,168559
14554.294,2031,0.000,0.000,170994
14590.216,2031,0.000,0.000,166890
14625.212,2031,0.029,-0.030,168725
14661.060,2031,0.000,0.000,168894
14696.796,2031,0.000,0.029,162285
14732.275,2031,0.029,-0.029,169183
14768.217,2031,0.000,0.059,161100
14803.212,2031,0.000,0.000,167172
14838.198,2031,0.000,0.000,164240
14874.065,2031,0.000,0.000,161102
14909.803,2031,0.000,0.000,164910
14945.275,2031,0.000,0.029,158534
14981.211,2031,0.000,0.000,160010
15016.188,2031,0.030,0.000,161348
15052.067,2031,0.000,0.000,164525
15087.801,2031,0.000,-0.029,158898
15123.279,2031,0.000,0.000,163812
15159.215,2031,-0.029,-0.029,155743
15195.068,2031,-0.029,0.000,158042
15230.817,2031,0.029,-0.029,162279
15266.575,2031,0.000,0.000,148274
15302.215,2032,0.086,0.000,136756
15338.067,2037,0.206,0.000,104788
15373.818,2047,0.314,0.000,78295
15409.287,2061,0.429,0.000,50936
15445.215,2078,0.543,0.000,28697
15481.067,2098,0.588,0.030,19653
15516.814,2119,0.571,0.000,2237
15551.185,2139,0.576,0.031,-3194
15586.170,2157,0.500,0.000,-3028
15622.060,2175,0.543,0.029,-412
15656.227,2195,0.559,0.000,-6681
15692.068,2217,0.676,0.000,-580
15726.225,2243,0.765,0.030,-6069
15762.063,2270,0.765,-0.030,179
15796.225,2297,0.765,-0.030,-4823
15832.059,2325,0.794,0.000,-4793
15867.811,2353,0.829,0.029,-169
15902.186,2380,0.727,0.031,-6352
15937.164,2404,0.676,0.000,-1355
15971.800,2428,0.588,-0.030,-5749
16007.297,2446,0.486,0.000,-3741
16043.219,2460,0.371,0.000,-899
16077.682,2473,0.364,-0.031,-7019
16113.221,2486,0.343,0.000,-1073
16149.058,2499,0.382,-0.030,-7248
16184.817,2512,0.371,0.029,-3314
16220.578,2525,0.314,-0.029,-312
16256.217,2536,0.257,0.000,-6051
16292.067,2544,0.235,0.000,-917
16326.233,2550,0.147,0.000,-7802
16362.067,2555,0.118,-0.030,-1275
16397.822,2557,0.057,0.000,-2694
16433.298,2558,0.000,0.000,-4130
16469.213,2558,0.000,-0.029,-1152
16540.074,2553,-0.229,0.000,-7115
16575.824,2537,-0.600,0.000,-5202
16611.578,2513,-0.743,-0.029,-475
16647.217,2482,-0.914,-0.029,-4404
16683.069,2449,-0.971,-0.030,523
16718.830,2414,-1.057,0.000,-7412
16754.583,2376,-1.029,0.000,-2136
16790.221,2340,-1.000,-0.029,-1470
16826.067,2304,-1.000,-0.030,-6768
16861.833,2268,-1.029,-0.029,143
16897.594,2232,-0.943,0.000,-7014
16933.220,2201,-0.800,0.000,2668
16969.065,2173,-0.735,0.000,7860
17004.817,2150,-0.600,0.000,27867
17040.296,2127,-0.600,0.000,61132
17076.222,2107,-0.486,0.000,77230
17112.060,2092,-0.353,0.030,93616
17147.824,2081,-0.314,0.029,103597
17183.588,2071,-0.286,0.000,122154
17219.218,2062,-0.229,0.029,125945
17255.074,2054,-0.176,0.030,139226
17290.832,2050,-0.114,0.000,138926
17326.588,2046,-0.057,0.029,139504
17362.221,2045,0.000,-0.029,141896
17398.069,2045,0.000,0.000,136191
17433.809,2045,0.000,0.000,139794
17469.284,2045,0.000,0.000,134618
17505.221,2045,0.000,0.000,139440
17541.069,2045,0.000,-0.030,138473
17576.819,2045,0.000,0.000,132329
17612.284,2045,-0.029,0.029,136749
17648.221,2045,0.000,-0.029,129219
17684.069,2045,0.000,0.000,134822
17719.799,2045,0.000,0.000,133323
17755.270,2045,0.000,0.000,128010
17789.909,2045,0.000,0.000,133464
17825.797,2045,0.000,0.000,127009
17861.268,2045,0.000,0.000,127751
17895.949,2045,0.000,-0.031,132166
17931.797,2046,0.000,0.000,128317
17967.267,2046,0.029,0.000,118200
18003.072,2049,0.118,0.000,112204
18038.823,2054,0.200,0.000,85210
18074.292,2063,0.286,-0.029,69483
18110.218,2075,0.371,0.029,50566
18146.066,2089,0.412,0.000,30306
18181.811,2104,0.400,0.000,26030
18217.287,2118,0.343,0.000,11674
18253.227,2131,0.371,-0.029,10814
18289.069,2145,0.441,0.030,661
18323.228,2162,0.529,0.000,-4899
18359.063,2183,0.676,0.030,106
18393.226,2206,0.676,0.000,-4944
18429.060,2232,0.824,0.000,-145
18463.226,2262,0.853,0.000,-5022
18499.060,2290,0.765,0.000,-5714
18534.803,2317,0.743,0.000,-1259
18570.276,2342,0.714,0.000,-7440
18606.215,2370,0.771,0.000,-2312
18642.059,2394,0.676,0.000,-8137
18677.812,2418,0.629,0.000,-4619
18713.290,2439,0.543,0.029,-497
18747.944,2458,0.515,0.000,-6285
18783.797,2474,0.486,0.000,181
18818.163,2491,0.485,0.031,-6340
18854.064,2509,0.514,-0.029,-1609
18889.822,2528,0.514,0.029,-1584
18925.583,2547,0.514,0.000,-6715
18961.214,2564,0.429,-0.029,-1380
18997.073,2578,0.353,0.000,-8691
19032.830,2591,0.371,0.029,-7020
19068.595,2603,0.286,0.000,-5446
19104.226,2613,0.257,-0.029,-1676
19140.059,2621,0.206,-0.030,-5254
19175.818,2625,0.029,-0.029,38
19210.187,2626,0.000,0.000,-6282
19246.068,2625,0.000,0.000,-4532
19281.811,2621,-0.229,-0.029,-860
19317.579,2610,-0.371,0.000,-7028
19353.227,2594,-0.514,0.029,-1052
19389.068,2574,-0.618,0.000,-7698
19424.825,2549,-0.800,0.000,-3822
19460.574,2519,-0.829,-0.029,-2533
19496.217,2489,-0.857,0.000,-7640
19532.067,2457,-0.882,0.030,-1762
19567.824,2423,-1.029,0.029,-7221
19603.586,2387,-0.971,0.000,-2064
19639.221,2353,-0.914,0.000,-4224
19675.059,2321,-0.912,0.000,-7157
19710.818,2289,-0.857,0.000,-502
19746.295,2256,-0.971,0.000,-8187
19782.220,2223,-0.857,0.029,-6327
19818.068,2193,-0.824,0.000,1223
19853.823,2165,-0.714,0.000,16805
19889.654,2142,-0.629,0.000,38214
19925.216,2120,-0.571,-0.029,68307
19961.155,2102,-0.412,0.000,81576
19996.981,2088,-0.371,0.000,97987
20032.966,2077,-0.286,0.000,112105
20068.960,2068,-0.229,0.000,116779
20104.967,2060,-0.200,0.000,128770
20140.966,2053,-0.143,0.000,131570
20176.960,2049,-0.086,0.000,136650
20212.958,2046,-0.057,0.000,140312
20248.974,2045,-0.029,0.000,134385
20284.959,2045,0.000,0.000,138293
20320.967,2045,0.000,0.000,132780
20356.966,2045,0.000,0.000,135485
20392.960,2045,0.000,0.000,139676
20428.957,2045,0.000,0.000,131614
20464.953,2045,0.000,0.000,136259
20500.959,2045,0.000,0.000,129006
20536.967,2045,0.000,0.000,130099
20572.966,2045,0.000,0.000,132699
20608.967,2045,0.000,0.000,127308
20644.956,2045,0.000,0.000,131910
20680.960,2045,0.000,0.000,124713
20716.957,2045,0.000,0.000,126302
20752.967,2045,0.000,0.000,130067
20788.967,2045,0.000,0.000,123681
20824.959,2045,0.000,0.000,129026
20860.967,2045,0.000,0.000,122517
20896.960,2045,0.000,0.000,124697
20932.959,2045,0.000,0.000,128431
20968.960,2045,0.000,0.000,121725
21004.966,2045,0.000,0.000,128202
21040.965,2045,0.000,0.000,123110
21076.957,2045,0.029,0.000,124561
21112.963,2047,0.057,0.000,116371
21148.955,2052,0.200,0.000,85943
21184.957,2064,0.457,0.000,56994
21220.963,2084,0.600,0.000,27117
21256.956,2107,0.600,0.000,12631
21292.960,2130,0.600,0.000,2674
21327.509,2153,0.618,0.030,-6894
21363.495,2175,0.686,-0.029,562
21397.805,2201,0.818,0.000,-7879
21433.496,2229,0.857,0.029,-358
21467.808,2258,0.848,-0.031,-4054
21503.496,2284,0.714,0.029,-6284
21539.497,2308,0.657,0.000,-2701
21575.495,2330,0.571,0.000,-7501
21611.497,2350,0.571,0.000,-6307
21647.292,2371,0.600,-0.029,-2733
21683.293,2392,0.571,-0.029,408
21717.798,2411,0.576,-0.062,-7299
21753.290,2430,0.571,0.000,115
21787.776,2447,0.424,0.000,-6654
21823.297,2461,0.400,0.000,138
21857.774,2474,0.364,0.031,-2998
21893.266,2486,0.343,0.029,-6503
21929.062,2499,0.382,-0.030,-1794
21964.813,2511,0.314,0.000,-7051
22000.291,2524,0.314,0.000,-6120
22036.214,2534,0.286,0.000,-2620
22072.071,2543,0.235,-0.030,-392
22107.839,2552,0.229,0.000,-6566
22143.589,2559,0.171,0.000,-125
22177.953,2564,0.121,0.000,-8164
22213.798,2568,0.086,0.000,-1884
22249.268,2572,0.114,0.000,-1987
22283.950,2575,0.061,0.000,-6653
22319.795,2577,0.057,0.000,-4071
22355.270,2580,0.057,0.000,-6889
22389.922,2581,0.000,0.031,-7817
22425.804,2581,0.000,0.000,-4887
22461.277,2581,0.000,0.000,907
22495.916,2581,0.030,-0.031,-5293
22531.792,2581,0.000,0.000,555
22566.152,2581,-0.030,0.000,-6154
22601.902,2579,-0.057,0.000,-1755
22637.802,2574,-0.200,0.000,-5863
22673.279,2562,-0.457,0.029,-6929
22709.221,2541,-0.771,-0.029,-2871
22745.068,2509,-1.029,0.000,-6995
22780.820,2470,-1.143,0.000,-5534
22816.297,2428,-1.171,-0.029,-4773
22852.220,2384,-1.257,0.000,-1575
22888.074,2342,-1.147,0.000,-7872
22923.821,2300,-1.200,-0.029,-1752
22959.587,2258,-1.114,0.000,-7960
22995.226,2221,-0.943,0.029,-2693
23031.068,2188,-0.912,0.030,6735
23066.825,2161,-0.657,0.000,18924
23102.580,2138,-0.657,0.000,51925
23138.218,2117,-0.486,0.000,68767
23174.068,2104,-0.353,-0.030,87210
23209.830,2090,-0.400,0.029,105112
23245.595,2077,-0.314,0.000,111760
23281.218,2068,-0.229,0.000,127100
23317.069,2060,-0.147,-0.030,129053
23352.851,2054,-0.143,0.000,136951
23388.601,2050,-0.086,0.000,141339
23424.221,2048,-0.057,0.000,146266
23460.074,2046,-0.029,0.000,139052
23495.822,2046,0.000,0.000,143754
23531.289,2046,0.000,0.000,137441
23567.216,2046,0.000,0.000,137499
23602.127,2046,0.000,0.000,140838
23637.872,2046,0.000,0.000,133404
23673.799,2046,0.000,0.029,138737
23709.277,2046,0.000,0.000,132283
23745.227,2046,0.000,0.029,134776
23781.068,2046,0.000,0.000,134850
23816.807,2046,0.000,0.000,128174
23852.283,2046,0.000,0.029,135026
23888.221,2046,-0.029,0.000,127872
23924.068,2046,0.000,0.030,132641
23959.807,2046,0.029,0.000,131971
23995.297,2046,0.029,0.000,125997
24031.224,2046,0.029,0.029,131829
24067.069,2046,-0.029,0.000,123855
24102.823,2046,0.000,0.000,125510
24138.295,2045,0.000,0.000,128250
24174.221,2045,0.000,0.029,130997
24210.072,2045,-0.029,0.000,125167
24245.824,2045,0.000,0.000,129888
24281.291,2045,0.000,0.000,124704
24317.220,2045,0.000,0.000,126655
24353.069,2045,0.000,0.000,130851
24388.809,2045,0.000,-0.029,125864
24424.289,2046,0.000,0.000,122471
24460.216,2048,0.114,0.000,104127
24496.069,2055,0.235,0.000,84025
24531.824,2067,0.400,-0.029,60146
24567.580,2083,0.486,0.029,33369
24603.220,2101,0.514,0.000,28362
24639.074,2119,0.500,0.000,7846
24673.230,2138,0.559,0.000,4598
24707.690,2157,0.545,-0.031,-3106
24743.220,2179,0.686,0.029,-5766
24779.067,2203,0.706,-0.030,-990
24814.831,2229,0.743,0.000,-8656
24850.583,2255,0.714,0.000,-6362
24886.220,2280,0.686,0.000,-3234
24922.068,2303,0.676,-0.030,-259
24957.825,2327,0.629,0.029,-5338
24993.580,2349,0.600,-0.029,1748
25029.220,2368,0.486,0.000,-6424
25065.062,2384,0.441,0.000,-1286
25100.812,2399,0.429,0.000,-2819
25136.290,2416,0.429,0.000,-6801
25172.217,2432,0.457,0.029,485
25206.693,2448,0.485,-0.031,-12028
25242.218,2465,0.457,0.000,-4653
25278.059,2481,0.441,0.000,-2526
25313.811,2494,0.343,0.029,3104
25348.187,2505,0.273,0.000,3346
25383.100,2514,0.265,0.000,-3402
25418.842,2523,0.257,-0.029,-568
25454.804,2532,0.286,-0.029,-6799
25490.295,2542,0.257,0.000,-6098
25526.221,2551,0.229,0.000,-2554
25562.071,2558,0.176,0.000,-6805
25597.817,2564,0.171,-0.029,-769
25633.580,2570,0.114,0.000,-5567
25669.226,2572,0.057,-0.029,-4500
25705.075,2573,0.000,0.000,-2658
25740.815,2573,0.000,0.000,-6903
25776.282,2573,0.000,0.000,758
25810.911,2573,0.000,0.000,-4938
25846.798,2573,0.000,-0.029,-4278
25882.270,2573,-0.057,0.000,-332
25916.922,2569,-0.152,0.000,-9197
25952.797,2560,-0.314,-0.029,-750
25988.289,2545,-0.543,0.000,-6672
26024.217,2524,-0.657,0.000,-792
26060.061,2499,-0.765,0.030,-4542
26095.815,2470,-0.857,0.000,-8420
26131.297,2439,-0.886,0.000,-450
26167.221,2405,-0.943,0.000,-6667
26203.075,2373,-0.912,0.000,-2421
26238.830,2337,-1.086,0.029,-2904
26274.587,2299,-1.000,0.029,-7299
26310.215,2265,-0.914,0.000,-4091
26346.065,2233,-0.882,0.000,-7353
26381.812,2204,-0.771,0.000,-5223
26417.293,2176,-0.714,0.000,697
26451.932,2155,-0.576,0.000,24794
26487.803,2135,-0.600,0.000,44580
26523.279,2116,-0.457,-0.029,71515
26559.218,2102,-0.371,-0.029,78382
26595.072,2089,-0.324,0.000,95413
26630.824,2079,-0.286,0.000,110540
26666.582,2070,-0.257,0.000,112912
26702.218,2061,-0.229,0.000,128271
26738.075,2054,-0.176,0.000,129863
26773.825,2049,-0.086,0.000,138841
26809.584,2047,-0.057,0.000,143363
26845.220,2046,0.000,0.000,135816
26881.060,2045,0.000,0.061,139728
26916.818,2045,-0.029,0.029,131645
26952.582,2045,-0.029,0.029,133526
26988.220,2045,0.029,0.000,134995
27024.071,2045,0.000,-0.030,138038
27059.825,2045,0.000,0.000,131048
27095.290,2045,0.000,-0.029,134733
27131.220,2045,0.000,0.000,129043
27167.220,2045,0.000,0.000,128114
27203.074,2045,0.000,-0.030,131235
27238.823,2045,0.000,0.000,127499
27274.289,2045,-0.029,0.029,133294
27310.219,2045,0.000,0.000,124427
27346.213,2045,0.029,0.000,127953
27382.073,2047,0.118,0.000,116995
27417.825,2055,0.286,-0.029,81199
27453.583,2067,0.371,0.000,62775
27489.217,2080,0.400,-0.029,41266
27525.067,2095,0.471,0.000,30561
27560.817,2112,0.543,-0.029,17076
27596.583,2134,0.657,0.029,-3111
27632.217,2159,0.714,0.029,-350
27666.691,2188,0.879,0.000,-6783
27702.219,2216,0.800,-0.029,1277
27738.066,2243,0.735,0.000,-4339
27773.812,2267,0.657,0.000,-7061
27809.292,2290,0.629,-0.029,-840
27845.217,2315,0.771,0.000,-6804
27881.069,2342,0.794,0.000,-7103
27916.816,2370,0.714,0.029,-4645
27952.579,2394,0.600,0.000,-399
27986.945,2415,0.576,-0.031,-8231
28022.794,2434,0.514,0.029,-1566
28058.284,2452,0.514,0.000,-4943
28094.211,2470,0.543,0.000,281
28128.691,2489,0.545,0.031,-3727
28164.215,2507,0.486,0.000,-5837
28200.068,2525,0.500,0.030,-965
28234.227,2543,0.529,0.000,-7482
28270.068,2560,0.471,0.000,-5314
28305.815,2576,0.457,-0.029,-6412
28341.579,2593,0.457,0.000,-1466
28377.211,2609,0.371,0.000,-5654
28413.063,2620,0.265,-0.061,-535
28448.823,2628,0.143,0.000,-8165
28484.580,2633,0.114,0.000,-2877
28520.214,2635,0.057,0.000,-2285
28556.062,2636,0.000,0.000,-7250
28591.804,2636,0.000,0.000,-678
28626.164,2636,-0.030,0.000,-7676
28662.193,2634,-0.114,0.000,-2643
28698.068,2626,-0.286,0.000,-4261
28733.818,2613,-0.371,0.000,-5286
28769.292,2599,-0.457,-0.029,-92
28805.220,2580,-0.543,0.000,-8173
28841.065,2558,-0.676,0.030,-7865
28876.824,2530,-0.829,0.000,-4888
28912.294,2499,-0.943,0.000,-2498
28948.222,2462,-1.114,0.000,-8301
28984.066,2421,-1.206,-0.030,-2211
29019.832,2379,-1.171,0.000,-6399
29055.580,2337,-1.171,0.000,-5051
29091.220,2296,-1.114,-0.029,-1272
29127.074,2257,-1.059,0.000,-7046
29162.823,2221,-0.914,0.000,1081
29198.578,2191,-0.800,-0.029,-1547
29234.215,2167,-0.543,0.029,17550
29270.066,2148,-0.559,0.030,39486
29305.821,2128,-0.543,-0.029,57567
29341.592,2110,-0.457,0.029,83058
29377.218,2095,-0.400,0.000,91839
29413.061,2082,-0.324,0.000,109565
29448.814,2071,-0.257,0.000,119011
29484.295,2062,-0.229,0.029,126368
29520.221,2056,-0.114,0.000,137892
29556.066,2052,-0.088,0.000,135376
29591.818,2049,-0.029,0.000,136698
29627.576,2049,0.000,0.029,135009
29663.225,2048,-0.029,0.000,137626
29699.066,2047,-0.059,0.000,136655
29734.819,2046,0.000,0.000,141295
29770.292,2046,0.000,0.000,136681
29806.218,2046,0.000,0.000,136304
29842.212,2046,0.000,0.000,139516
29877.215,2046,0.000,0.000,132913
29912.215,2046,0.000,0.000,137695
29947.215,2046,0.000,0.000,131108
29982.220,2046,0.000,0.000,137365
30018.246,2046,0.000,0.000,134166
30054.062,2046,0.000,0.030,129509
30089.809,2046,0.000,0.000,135673
30125.275,2046,0.000,0.000,129047
30161.218,2046,0.000,0.000,128735
30197.241,2046,0.000,0.000,130611
30233.074,2046,0.029,0.030,133102
30268.830,2048,0.171,0.000,108001
30304.580,2056,0.286,0.029,79565
30340.216,2068,0.371,0.000,56664
30376.060,2083,0.500,0.000,39388
30411.812,2101,0.514,0.000,25514
30447.287,2120,0.486,-0.029,7070
30483.220,2137,0.514,0.000,5000
30517.693,2155,0.515,0.031,-7159
30553.220,2176,0.686,0.000,-1
30587.687,2199,0.636,0.031,-4842
30623.215,2221,0.629,0.029,-5690
30659.061,2245,0.676,0.000,-2400
30694.811,2270,0.686,0.029,-9385
30730.574,2296,0.743,0.029,-7816
30766.217,2323,0.714,0.000,-3535
30802.075,2348,0.706,0.000,-355
30836.227,2371,0.559,0.000,-6976
30872.068,2391,0.529,0.000,-1480
30907.824,2411,0.543,0.029,-7970
30943.578,2427,0.400,0.000,-4272
30979.220,2442,0.429,0.029,-3136
31015.062,2457,0.412,0.000,-6615
31050.819,2471,0.400,-0.029,-1403
31086.583,2485,0.371,-0.029,-9979
31122.220,2498,0.400,-0.029,-8518
31158.060,2510,0.324,0.000,-7113
31193.807,2522,0.343,0.000,-2428
31229.288,2534,0.343,0.000,-7751
31265.215,2545,0.286,0.000,-2387
31301.075,2555,0.265,0.030,-9574
31336.832,2565,0.257,0.000,-5933
31372.582,2572,0.143,0.000,-1298
31408.221,2577,0.114,0.029,-9045
31444.068,2581,0.088,0.000,-2558
31479.809,2582,0.029,0.000,-7648
31515.291,2583,0.000,0.029,-3163
31551.214,2583,-0.029,0.000,-2025
31587.058,2582,-0.029,-0.030,-7405
31622.819,2578,-0.171,0.000,-912
31658.297,2570,-0.286,-0.029,-10150
31694.220,2559,-0.371,0.000,-2942
31730.068,2543,-0.559,0.000,-1599
31765.816,2521,-0.686,0.000,-8177
31801.290,2496,-0.771,0.000,-1189
31837.220,2466,-0.857,0.000,-8042
31873.065,2435,-0.853,0.000,-1439
31908.818,2405,-0.857,0.000,-4369
31944.297,2374,-0.829,0.000,-8378
31980.218,2346,-0.800,0.000,-3307
32016.069,2316,-0.912,-0.030,-7104
32051.824,2285,-0.829,0.000,-7218
32087.579,2254,-0.857,0.029,-5379
32123.221,2225,-0.771,0.000,-2390
32159.067,2200,-0.647,-0.030,-6644
32194.833,2178,-0.543,0.000,8532
32230.580,2161,-0.457,0.029,18264
32266.219,2144,-0.429,0.000,36253
32302.069,2130,-0.382,0.030,51841
32337.830,2116,-0.400,-0.029,65433
32373.590,2104,-0.314,0.000,82870
32409.219,2092,-0.286,-0.029,86005
32445.067,2083,-0.265,0.000,101259
32480.815,2074,-0.229,0.029,111998
32516.580,2066,-0.200,0.000,111696
32552.221,2059,-0.200,0.029,127186
32588.069,2053,-0.118,0.000,128555
32623.822,2048,-0.114,0.029,140499
32659.590,2046,-0.029,0.000,139597
32695.220,2045,-0.029,0.000,136369
32731.063,2044,-0.029,0.000,144599
32766.812,2043,0.000,0.000,134195
32802.276,2042,-0.029,0.000,135184
32838.224,2042,-0.057,0.029,136530
32874.064,2040,-0.059,0.000,142481
32909.814,2038,-0.029,0.029,137543
32945.580,2038,0.000,0.000,140293
32981.219,2038,0.000,0.000,135411
33017.236,2038,0.000,0.000,136580
33053.068,2038,0.000,0.000,139664
33088.807,2038,0.000,0.000,133206
33124.275,2038,0.000,0.000,138187
33160.220,2038,0.000,0.000,132579
33196.068,2038,0.000,0.000,134188
33231.811,2038,0.000,0.000,137051
33267.276,2038,0.000,0.000,131619
33303.220,2038,0.000,0.000,135175
33339.074,2041,0.206,-0.030,108850
33374.835,2052,0.371,0.000,73901
33410.592,2066,0.371,0.000,52409
33446.218,2082,0.486,0.029,28748
33482.067,2101,0.588,-0.030,21850
33517.830,2122,0.571,0.029,1863
33552.212,2143,0.618,0.000,-405
33586.684,2164,0.697,0.000,-6405
33622.218,2191,0.771,0.000,-5168
33658.059,2218,0.735,-0.030,-1204
33693.817,2246,0.829,0.000,-8281
33729.297,2275,0.857,0.000,-7966
33765.220,2306,0.857,0.029,-4081
33801.072,2335,0.794,0.000,-4656
33836.818,2362,0.743,0.029,-7277
33872.579,2388,0.657,0.000,-449
33906.949,2411,0.636,-0.031,-8883
33942.803,2431,0.514,-0.029,-3427
33978.296,2449,0.429,0.000,-4839
34014.219,2463,0.400,-0.029,-9511
34050.073,2477,0.412,0.000,-3394
34085.824,2490,0.371,0.000,-7350
34121.297,2504,0.343,0.029,-7979
34157.220,2517,0.371,0.000,-5324
34193.062,2528,0.324,0.000,-3072
34228.818,2540,0.314,0.029,-8408
34264.580,2550,0.229,0.000,-1731
34300.214,2558,0.143,0.000,-9399
34336.074,2562,0.118,0.000,-3869
34371.833,2566,0.086,0.000,-1495
34407.583,2568,0.057,0.029,-7932
34443.220,2568,0.029,0.000,-741
34477.687,2568,0.000,-0.031,-7812
34513.219,2568,-0.029,0.000,-1362
34549.068,2568,0.029,0.000,-3632
34584.811,2568,0.000,-0.029,-8315
34620.289,2568,0.000,0.000,-3361
34656.213,2566,-0.114,0.000,-9916
34692.060,2560,-0.235,0.030,-8714
34727.817,2550,-0.343,0.000,-7239
34763.296,2534,-0.514,0.000,-2288
34799.220,2515,-0.571,0.000,-8736
34835.068,2491,-0.765,0.030,-1612
34870.832,2463,-0.800,-0.029,-8128
34906.589,2434,-0.800,0.000,-4271
34942.220,2404,-0.829,0.000,-2464
34978.069,2375,-0.824,0.000,-8931
35013.822,2345,-0.829,0.000,-3041
35049.297,2316,-0.800,0.000,-7970
35085.218,2288,-0.743,0.000,-2918
35121.061,2261,-0.824,0.000,-660
35156.810,2230,-0.857,0.029,-6994
35192.574,2200,-0.800,0.000,3509
35228.219,2172,-0.657,0.000,9631
35264.075,2153,-0.559,0.000,33608
35299.830,2132,-0.571,0.029,59052
35335.586,2115,-0.400,0.029,69126
35371.221,2102,-0.343,0.029,87346
35407.069,2090,-0.324,0.030,91763
35442.832,2080,-0.257,0.000,100277
35478.589,2074,-0.171,0.029,104655
35514.220,2067,-0.229,0.029,119401
35550.062,2060,-0.176,0.030,123949
35585.833,2054,-0.143,0.029,136410
35621.592,2050,-0.114,0.000,135799
35657.221,2046,-0.114,0.029,144177
35693.067,2043,-0.088,0.000,153970
35728.817,2040,-0.086,0.000,151908
35764.578,2037,-0.086,0.000,164650
35800.219,2033,-0.114,0.000,165090
35836.068,2031,-0.029,0.000,169441
35871.823,2030,0.000,0.000,173427
35907.288,2030,0.000,0.000,163868
35943.217,2029,0.029,0.000,170082
35979.060,2029,0.000,0.000,162410
36014.796,2029,0.000,0.000,163619
36050.268,2029,0.000,-0.059,163368
36084.957,2029,0.000,-0.031,157248
36120.796,2029,0.000,0.000,163174
36156.267,2029,0.000,0.000,157840
36192.065,2029,0.000,0.000,156361
36227.807,2029,0.000,0.000,155950
36263.273,2029,0.000,0.000,159419
36299.217,2029,0.000,0.000,150542
36334.213,2029,0.000,0.000,156446
36369.215,2029,0.000,0.000,154959
36404.205,2029,0.000,0.000,156961
36439.206,2029,0.000,0.000,156611
36474.199,2029,0.000,0.000,150170
36510.068,2030,0.029,0.000,149391
36545.819,2032,0.143,0.029,126344
36581.582,2039,0.314,0.000,91345
36617.219,2057,0.600,0.000,45015
36653.067,2078,0.618,0.000,27314
36688.812,2102,0.714,-0.029,8565
36724.297,2127,0.686,0.000,3506
36758.934,2150,0.576,0.000,-7582
36794.804,2169,0.543,-0.029,-2487
36830.287,2188,0.486,-0.029,-1044
36866.221,2204,0.429,0.000,-8514
36902.067,2219,0.412,0.030,-1718
36937.823,2234,0.486,0.000,-7239
36973.578,2253,0.543,-0.029,-3471
37009.220,2272,0.514,-0.029,-3780
37045.065,2291,0.529,0.030,-8397
37080.831,2310,0.600,0.029,-2665
37116.595,2332,0.629,0.000,-7767
37152.213,2355,0.714,0.029,-6491
37188.060,2379,0.676,0.000,-4390
37223.801,2402,0.657,0.000,-2968
37259.276,2424,0.543,0.000,-9875
37295.220,2442,0.457,0.000,-1435
37331.068,2459,0.500,0.000,-8720
37366.817,2477,0.514,0.029,-5573
37402.580,2495,0.514,-0.029,-1335
37438.225,2513,0.457,0.029,-7777
37474.066,2529,0.441,-0.030,-2306
37509.825,2542,0.343,0.000,-7331
37545.295,2553,0.286,0.000,-4646
37581.214,2563,0.286,0.029,-2401
37617.060,2573,0.235,0.000,-9266
37652.818,2581,0.229,0.000,-2779
37688.295,2590,0.229,0.000,-8539
37724.214,2597,0.171,0.000,-4242
37760.075,2603,0.147,-0.030,-4213
37795.837,2606,0.029,0.000,-9901
37831.582,2607,0.000,0.029,-2004
37867.212,2607,0.000,0.000,-8640
37902.196,2606,-0.030,0.031,-2555
37937.215,2606,-0.057,0.000,-7178
37973.068,2599,-0.294,0.000,-8914
38008.810,2586,-0.371,0.029,-4267
38044.574,2573,-0.400,0.000,-7976
38080.219,2558,-0.514,0.000,-8193
38116.062,2534,-0.765,0.000,-5083
38151.812,2507,-0.829,-0.029,-2264
38187.576,2476,-0.857,0.029,-8591
38223.219,2444,-0.914,0.000,-3656
38259.068,2410,-1.000,0.000,-8208
38294.813,2377,-0.914,-0.029,-2535
38330.576,2342,-0.943,0.000,-1384
38366.221,2309,-0.914,0.059,-8309
38402.072,2278,-0.853,-0.030,-1134
38437.828,2248,-0.800,0.000,-7755
38473.583,2220,-0.714,0.029,-2403
38509.227,2195,-0.686,0.029,-1886
38545.061,2171,-0.618,0.000,7897
38580.816,2151,-0.571,0.000,35883
38616.297,2131,-0.571,0.000,52210
38652.220,2112,-0.457,-0.029,70184
38688.068,2097,-0.412,0.030,85671
38723.823,2084,-0.343,0.029,104045
38759.580,2074,-0.200,0.029,106367
38795.220,2068,-0.171,-0.029,112923
38831.066,2062,-0.206,-0.030,118132
38866.839,2056,-0.171,0.029,127395
38902.803,2051,-0.114,0.029,138353
38938.295,2047,-0.114,-0.029,136328
38974.221,2045,-0.086,0.000,146554
39010.074,2042,-0.088,0.000,144962
39045.828,2039,-0.057,0.000,152147
39081.578,2036,-0.086,-0.029,159164
39117.226,2034,-0.057,0.000,155555
39153.068,2032,-0.059,-0.030,164401
39188.832,2031,-0.029,0.000,159221
39224.588,2031,0.000,0.000,160401
39260.216,2031,0.000,0.000,162243
39295.210,2031,0.000,0.000,156900
39367.227,2031,0.000,0.000,154088
39403.067,2031,0.000,0.000,160362
39438.809,2031,0.000,0.000,158174
39474.275,2031,0.000,0.000,155360
39510.217,2031,0.000,0.000,158059
39545.209,2031,0.000,0.000,152401
39580.202,2031,0.000,0.000,152313
39616.073,2031,-0.029,0.029,152887
39651.829,2031,0.000,0.000,156681
39687.292,2031,0.000,0.000,149789
39723.220,2031,0.000,0.000,156381
39759.061,2031,0.000,0.000,149529
39794.801,2031,0.000,0.000,153191
39830.274,2031,0.000,0.000,155724
39866.220,2031,0.000,0.000,149094
39902.065,2031,0.029,0.030,157620
39937.825,2033,0.114,0.000,130635
39973.579,2043,0.371,0.029,91615
40009.215,2058,0.429,-0.029,56224
40045.069,2073,0.441,0.000,31838
40080.816,2089,0.486,0.000,26435
40116.292,2108,0.571,0.000,11025
40152.220,2128,0.600,0.029,854
40186.687,2150,0.606,-0.031,-4135
40222.219,2173,0.771,0.000,-276
40256.690,2199,0.727,0.000,-6558
40292.221,2224,0.743,0.029,140
40326.693,2251,0.788,0.000,-6342
40362.213,2277,0.714,0.029,-1240
40398.066,2302,0.706,0.000,-5163
40433.817,2326,0.657,0.000,-7486
40469.287,2349,0.629,0.029,-2630
40505.217,2371,0.629,-0.029,-8426
40541.066,2393,0.559,-0.030,-8360
40576.824,2413,0.571,-0.029,-5031
40612.595,2433,0.543,-0.059,-1188
40648.221,2451,0.514,0.000,-8818
40684.062,2468,0.471,0.000,-1984
40719.811,2484,0.429,-0.029,-5688
40755.576,2499,0.457,0.000,-3809
40791.220,2515,0.400,-0.029,-1644
40827.067,2528,0.324,0.000,-9117
40862.818,2539,0.286,-0.029,-3404
40898.589,2548,0.229,-0.029,-9363
40934.217,2554,0.143,-0.029,-2743
40970.065,2558,0.118,-0.061,-3495
41005.824,2563,0.086,0.000,-8878
41041.580,2565,0.057,0.000,-1879
41077.213,2566,0.000,0.029,-9310
41112.190,2566,0.000,0.000,-2419
41148.068,2566,0.000,0.000,-6312
41183.809,2566,-0.029,0.000,-8294
41219.286,2563,-0.143,0.000,-3560
41255.220,2555,-0.257,0.000,-8436
41291.065,2542,-0.412,0.000,-6817
41326.812,2526,-0.514,0.029,-4480
41362.294,2504,-0.771,0.000,-1552
41398.220,2473,-0.914,0.000,-9542
41434.069,2440,-0.882,-0.061,-2871
41469.828,2407,-0.971,-0.029,-8225
41505.588,2370,-1.057,0.000,-7111
41541.215,2332,-1.029,-0.029,-3859
41577.074,2295,-1.059,0.000,-7400
41612.822,2257,-1.086,0.000,-845
41648.581,2219,-1.000,0.000,-7152
41684.220,2186,-0.829,-0.029,6017
41720.067,2161,-0.588,0.030,21957
41755.832,2141,-0.600,-0.029,41334
41791.592,2120,-0.543,0.000,69065
41827.218,2103,-0.429,-0.029,79460
41863.065,2089,-0.353,-0.030,97565
41898.829,2078,-0.286,0.029,106179
41934.592,2069,-0.257,0.000,112235
41970.221,2060,-0.229,0.000,128240
42006.073,2054,-0.118,0.000,128073
42041.833,2050,-0.086,0.029,130879
42077.589,2049,-0.029,0.000,130148
42113.221,2047,-0.029,0.000,135636
42149.066,2046,-0.029,0.000,129493
42184.812,2046,0.000,0.000,135152
42220.281,2046,0.000,0.000,128888
42256.221,2046,0.000,0.000,130516
42292.062,2046,0.000,0.000,135615
42327.809,2046,0.000,0.000,128454
42363.278,2046,0.000,0.000,133653
42399.218,2046,0.000,0.000,128878
42435.214,2046,0.000,0.000,128990
42470.185,2046,0.000,0.000,129898
42506.075,2046,0.000,0.000,124448
42541.819,2046,0.000,0.000,130958
42577.284,2046,0.000,0.000,124971
42613.225,2046,0.000,0.000,129503
42649.068,2046,0.000,0.000,127250
42684.807,2046,0.000,0.000,124973
42720.274,2046,0.000,0.000,131150
42756.221,2046,0.000,0.000,122528
42792.068,2046,0.000,0.000,125226
42827.809,2046,0.000,0.000,125254
42863.277,2046,0.029,0.000,125951
42899.217,2048,0.086,0.029,109550
42935.067,2051,0.118,0.030,98680
42970.824,2058,0.257,0.000,71874
43006.297,2069,0.371,0.000,51167
43042.217,2085,0.486,0.029,35054
43078.068,2101,0.412,-0.030,17506
43113.836,2117,0.457,0.000,15436
43149.587,2135,0.514,0.000,802
43183.955,2154,0.515,0.000,-3240
43219.804,2175,0.686,0.000,-2396
43255.273,2201,0.743,-0.029,-7365
43291.218,2229,0.829,0.000,-1114
43327.065,2261,0.912,0.000,-8339
43362.825,2292,0.857,0.000,-6281
43398.576,2322,0.771,-0.029,-4852
43434.216,2349,0.714,0.000,-3038
43470.069,2373,0.647,0.030,-7468
43505.828,2395,0.600,0.000,-3272
43541.580,2415,0.571,0.029,-7175
43577.221,2435,0.543,0.000,-7044
43613.063,2453,0.559,0.000,-3522
43648.812,2472,0.543,0.029,-8341
43684.297,2490,0.486,-0.029,-2443
43720.212,2506,0.400,0.029,-8355
43756.073,2520,0.382,0.000,-3547
43791.822,2533,0.400,-0.029,-1885
43827.580,2548,0.371,0.000,-8067
43863.212,2560,0.286,0.000,-304
43897.691,2570,0.273,0.000,-7853
43933.221,2580,0.286,-0.029,-2104
43969.067,2589,0.235,0.030,-4739
44004.824,2596,0.143,0.000,-6877
44040.578,2601,0.143,0.000,1370
44074.956,2604,0.061,0.000,-6244
44110.797,2605,0.000,0.000,-6082
44146.263,2605,0.000,0.000,-2210
44182.065,2605,-0.029,0.000,-504
44217.812,2601,-0.200,0.029,-7246
44253.294,2591,-0.371,0.000,734
44287.940,2576,-0.515,0.000,-8691
44323.803,2554,-0.686,0.000,-2721
44359.281,2527,-0.771,0.000,-5897
44395.212,2499,-0.886,0.000,-8726
44431.059,2467,-0.941,0.000,-721
44466.809,2435,-0.914,0.000,-7017
44502.282,2396,-1.200,-0.029,-7633
44538.220,2351,-1.257,-0.029,-6648
44574.072,2306,-1.265,0.000,-2302
44609.822,2262,-1.229,0.000,-6151
44645.297,2218,-1.086,0.000,-1530
44681.220,2181,-0.971,0.000,5302
44717.060,2152,-0.735,0.030,34007
44752.825,2127,-0.657,-0.029,66806
44788.583,2104,-0.600,0.000,84575
44824.220,2085,-0.457,0.029,107134
44860.066,2071,-0.324,0.000,118138
44895.822,2061,-0.200,0.000,129707
44931.583,2057,-0.086,0.000,131967
44967.218,2053,-0.114,0.000,130256
45003.072,2050,-0.088,0.000,140424
45038.825,2047,-0.029,0.000,134986
45074.580,2046,0.000,0.000,136124
45110.219,2046,0.000,0.000,136201
45146.220,2046,-0.029,0.029,130729
45182.067,2046,0.029,0.030,138431
45217.833,2046,0.000,0.000,129982
45253.581,2046,0.000,0.000,136387
45289.221,2046,0.000,0.000,135382
45325.069,2046,0.000,0.000,130457
45360.808,2046,0.000,-0.029,134172
45396.290,2046,0.000,0.000,126936
45432.217,2046,-0.029,0.000,130589
45468.063,2042,-0.147,0.000,148542
45503.812,2037,-0.114,-0.059,164463
45539.580,2034,-0.086,0.000,163944
45575.217,2032,0.000,0.029,167260
45610.200,2031,-0.030,-0.031,161644
45645.185,2031,-0.029,-0.030,163762
45681.065,2031,-0.029,0.029,163474
45716.822,2031,0.000,0.000,157464
45752.291,2031,0.000,0.000,162145
45788.220,2031,0.000,-0.029,156348
45824.069,2031,0.029,0.030,161815
45859.832,2031,0.029,0.000,159732
45895.588,2033,0.086,0.000,140391
45931.216,2038,0.171,0.029,123069
45967.060,2046,0.324,0.000,83665
46002.811,2059,0.429,0.000,54577
46038.289,2076,0.514,-0.029,32288
46074.220,2097,0.629,-0.029,19733
46110.072,2121,0.676,0.000,3070
46144.229,2143,0.588,-0.030,3107
46180.057,2161,0.529,-0.030,-5942
46215.818,2181,0.571,0.029,-3690
46251.578,2200,0.543,0.000,-2053
46287.221,2219,0.543,0.029,-6943
46323.070,2240,0.618,0.000,662
46357.212,2261,0.618,0.000,-8259
46393.074,2281,0.559,0.000,-277
46427.217,2301,0.559,0.030,-3765
46463.062,2321,0.529,0.030,-6553
46498.818,2341,0.571,0.000,-1555
46534.292,2364,0.714,-0.029,-5491
46570.136,2389,0.657,0.000,-5721
46605.806,2411,0.588,0.030,-2714
46641.293,2431,0.543,-0.029,-391
46677.297,2449,0.486,0.000,-7341
46713.497,2465,0.457,0.000,-141
46747.780,2480,0.424,0.000,-6196
46783.497,2495,0.486,0.000,-1757
46819.497,2512,0.486,0.000,-3870
46855.497,2528,0.457,0.059,-6631
46891.496,2544,0.371,0.000,-899
46925.793,2556,0.364,0.000,-8777
46961.495,2568,0.314,0.000,-6999
46997.497,2578,0.257,-0.029,-4979
47033.291,2586,0.171,-0.029,-1748
47069.291,2591,0.143,0.000,-7904
47105.497,2594,0.057,0.029,-3101
47141.495,2596,0.029,0.000,-4910
47177.496,2596,-0.029,0.000,-2933
47213.495,2595,-0.029,-0.059,-1693
47249.496,2592,-0.114,-0.029,-6860
47285.295,2587,-0.171,0.000,-2151
47321.293,2580,-0.229,0.000,-6300
47357.496,2570,-0.343,0.000,-3581
47393.292,2557,-0.429,0.029,935
47427.798,2537,-0.697,0.031,-6777
47463.293,2511,-0.914,-0.029,757
47499.298,2477,-1.029,-0.029,-6797
47535.497,2440,-1.086,0.000,-2965
47571.284,2398,-1.229,0.029,-77
47605.787,2357,-1.182,0.031,-7439
47641.289,2320,-1.086,0.000,-2546
47677.296,2280,-1.171,0.000,-7810
47713.495,2239,-1.114,0.000,-472
47749.291,2203,-0.971,0.059,-409
47785.497,2172,-0.800,0.000,7623
47821.294,2146,-0.714,0.000,37602
47857.497,2121,-0.686,0.000,61486
47893.296,2100,-0.514,-0.029,87223
47929.297,2084,-0.400,0.000,101615
47965.497,2071,-0.343,0.029,111480
48001.297,2060,-0.286,0.000,131560
48037.297,2053,-0.114,0.000,130316
48073.297,2049,-0.114,-0.029,138672
48109.497,2047,-0.029,0.000,137169
48145.497,2046,0.000,-0.029,127670
48181.298,2046,0.000,0.000,136542
48217.293,2046,0.000,0.000,132137
48253.298,2046,0.000,0.000,135816
48289.495,2046,0.000,0.000,135737
48325.291,2046,0.000,0.000,126939
48361.497,2046,0.000,0.000,135050
48397.496,2046,0.000,0.000,128086
48433.294,2046,0.000,0.000,133809
48469.496,2046,0.000,0.000,131512
48505.291,2046,0.000,0.000,126832
48541.296,2046,0.000,0.000,131123
48577.295,2046,0.000,0.000,124838
48613.291,2046,0.000,0.000,131320
48649.135,2046,0.000,0.000,128470
48684.792,2046,0.000,0.000,126125
48720.262,2046,0.000,0.000,130609
48756.059,2046,0.000,0.000,125691
48791.804,2046,0.000,0.000,126944
48827.270,2046,0.029,0.000,125601
48861.916,2047,0.030,0.000,117961
48897.801,2050,0.143,0.000,93543
48933.275,2057,0.286,0.000,77356
48969.214,2070,0.400,-0.029,46875
49005.069,2086,0.500,-0.030,29520
49040.832,2106,0.571,-0.029,20304
49076.586,2126,0.514,0.029,3968
49110.977,2144,0.545,0.000,1661
49145.227,2162,0.559,0.030,-6222
49181.065,2185,0.706,0.000,-5918
49216.817,2208,0.629,0.000,-5392
49252.298,2232,0.714,0.000,517
49286.941,2258,0.727,-0.031,-6511
49322.796,2283,0.686,0.000,-1881
49358.274,2308,0.686,0.000,-8875
49394.218,2333,0.686,0.000,-2393
49430.068,2357,0.706,0.030,-1841
49465.824,2382,0.686,-0.029,-6609
49501.588,2407,0.714,0.000,805
49535.958,2431,0.636,0.031,-5792
49571.797,2452,0.629,0.000,-6092
49607.271,2472,0.543,0.029,-4800
49641.927,2490,0.485,-0.031,-646
49677.803,2507,0.429,0.000,-8368
49713.278,2522,0.400,0.029,-3266
49749.211,2536,0.343,0.000,-6522
49785.060,2547,0.265,-0.030,-3399
49820.818,2555,0.200,0.029,-1710
49856.579,2562,0.143,0.000,-5233
49892.214,2566,0.086,0.000,333
49926.699,2568,0.091,0.000,-7769
49962.220,2571,0.057,0.000,-1243
49998.074,2573,0.059,0.000,-3333
50033.824,2575,0.057,0.000,-4499
50069.578,2576,0.000,0.000,-1062
50105.217,2576,-0.029,0.000,-7065
50141.065,2574,-0.088,0.030,-7122
50176.824,2569,-0.257,0.000,-4746
50212.297,2558,-0.400,-0.029,-1625
50248.216,2540,-0.600,0.000,-6227
50284.061,2518,-0.618,-0.030,-30
50319.818,2493,-0.771,-0.029,-8191
50355.583,2464,-0.800,0.029,-3976
50391.221,2435,-0.800,0.000,-274
50427.075,2405,-0.912,0.000,-6883
50462.820,2371,-0.971,0.000,63
50497.190,2337,-0.970,0.000,-8473
50533.069,2302,-1.000,0.029,-2501
50568.820,2266,-1.029,0.000,-3965
50604.580,2230,-0.943,0.000,-8244
50640.227,2199,-0.857,0.000,-630
50676.063,2172,-0.647,0.030,3989
50711.825,2153,-0.486,-0.029,22644
50747.584,2134,-0.543,0.029,44900
50783.219,2116,-0.457,0.000,70076
50819.066,2101,-0.353,0.000,76926
50854.819,2090,-0.286,0.000,95938
50890.295,2080,-0.257,0.000,108655
50926.219,2072,-0.200,0.000,120028
50962.068,2065,-0.176,0.000,133447
50997.818,2059,-0.171,0.000,135008
51033.580,2053,-0.114,0.000,140210
51069.218,2049,-0.086,0.000,134735
51105.074,2047,-0.029,0.000,133958
51140.822,2046,-0.029,0.000,140010
51176.586,2046,0.000,0.000,139234
51212.221,2046,0.000,0.000,151958
51248.067,2046,0.000,0.000,140626
51283.811,2046,0.000,0.000,144833
51319.277,2046,0.000,0.000,137559
51355.221,2046,0.000,0.000,135240
51391.069,2046,0.000,0.000,144701
51426.801,2046,0.000,0.000,141341
51462.270,2046,0.000,0.000,142312
51496.916,2046,0.000,0.000,141323
51532.795,2046,0.000,0.000,139410
51568.266,2046,0.000,0.000,127711
51604.068,2046,0.000,0.000,131276
51639.803,2046,0.000,0.000,133065
51675.274,2046,0.000,0.000,141576
51711.218,2046,0.000,0.000,145628
51747.580,2046,0.000,0.000,135955
51783.227,2046,0.000,0.000,133821
51819.072,2046,0.000,0.000,124864
51854.813,2046,0.000,0.000,127423
51890.283,2046,0.000,0.000,137214
51926.220,2046,0.000,0.000,136635
51962.068,2047,0.088,0.030,138709
51997.832,2055,0.343,0.000,90665
52033.578,2070,0.457,-0.029,53965
52069.220,2089,0.571,0.000,29453
52105.060,2109,0.618,-0.030,9249
52140.816,2134,0.771,0.000,2378
52175.185,2162,0.818,0.000,-6283
52211.066,2193,0.886,0.000,4166
52245.228,2224,0.912,0.000,10296
52281.062,2258,0.971,0.000,16250
52316.815,2290,0.886,0.000,8050
52351.179,2320,0.818,0.031,3268
52386.100,2347,0.735,0.030,-7465
52421.853,2373,0.714,0.029,-5011
52457.797,2400,0.743,0.000,-4969
52493.267,2426,0.743,0.000,-770
52527.943,2452,0.727,0.000,-4010
52563.797,2475,0.629,-0.029,9755
52599.290,2496,0.571,0.000,7453
52633.934,2513,0.424,-0.031,16092
52669.811,2527,0.371,0.029,8961
52704.187,2540,0.394,-0.031,-2707
52739.120,2552,0.324,0.030,-847
52773.235,2562,0.265,0.000,-6187
52809.068,2572,0.235,0.000,-1104
52844.819,2580,0.200,0.000,-3819
52880.296,2588,0.200,-0.029,4846
52916.220,2593,0.114,0.000,13268
52952.061,2595,0.029,0.000,10641
52987.812,2596,0.000,0.029,14444
53023.290,2595,0.000,-0.029,1207
53059.225,2595,-0.057,0.029,-2819
53095.059,2593,-0.059,0.000,1110
53130.811,2590,-0.143,0.000,4289
53166.282,2584,-0.171,0.000,15821
53202.220,2576,-0.257,0.000,13042
53238.064,2564,-0.412,0.000,12030
53273.824,2546,-0.600,0.029,10845
53309.589,2521,-0.771,0.000,-2026
53345.221,2488,-1.029,0.000,10546
53381.067,2451,-1.059,0.000,10889
53416.818,2412,-1.143,0.000,13529
53452.296,2371,-1.143,-0.029,18372
53488.219,2332,-1.029,0.000,9587
53524.069,2297,-0.971,-0.030,7085
53559.829,2263,-0.971,-0.029,-1652
53595.588,2230,-0.886,0.029,-178
53631.221,2199,-0.829,0.000,4368
53667.065,2172,-0.706,0.061,9892
53702.825,2149,-0.600,0.000,43787
53738.583,2129,-0.543,-0.029,62424
53774.218,2109,-0.486,0.000,92649
53810.065,2094,-0.353,0.000,105839
53845.817,2081,-0.314,0.000,102701
53881.574,2071,-0.286,0.029,118099
53917.221,2061,-0.229,0.000,122034
53953.066,2053,-0.147,0.000,134851
53988.824,2049,-0.114,0.000,136371
54024.580,2046,-0.029,0.000,140841
54060.218,2046,0.000,0.000,151797
54096.220,2046,0.000,0.000,144696
54132.061,2046,0.000,0.030,144723
54167.812,2046,0.000,0.000,139476
54203.284,2046,0.000,0.029,135793
54239.225,2046,0.000,0.029,129810
54275.068,2046,0.000,0.000,140579
54310.818,2046,0.000,0.000,138368
54346.283,2046,-0.029,0.000,141515
54382.218,2044,-0.057,0.000,141866
54418.074,2043,-0.029,-0.061,129191
54453.836,2042,-0.057,0.000,137623
54489.586,2041,-0.029,-0.029,133320
54525.220,2040,-0.029,-0.029,135864
54561.068,2038,-0.029,0.000,148292
54596.817,2038,0.000,0.000,144790
54632.284,2038,0.000,0.000,151769
54668.219,2038,0.000,0.000,136410
54704.219,2038,0.057,0.029,133689
54740.072,2042,0.176,0.030,115489
54775.832,2051,0.314,0.029,90049
54811.595,2064,0.429,0.000,73189
54847.220,2080,0.486,0.029,50194
54883.062,2100,0.588,0.000,37411
54918.809,2122,0.629,0.029,16847
54954.574,2145,0.629,0.000,-1065
54990.213,2167,0.629,0.000,1546
55024.696,2188,0.576,-0.031,-6249
55060.221,2207,0.514,0.029,-5765
55096.062,2226,0.588,0.030,3611
55130.228,2249,0.676,0.030,14302
55166.061,2274,0.735,0.030,8513
55200.228,2300,0.765,0.000,15938
55236.073,2327,0.765,0.030,6818
55270.228,2353,0.706,0.000,582
55304.686,2377,0.697,0.000,-2722
55340.219,2402,0.714,0.000,-14
55374.691,2427,0.636,0.000,-7276
55410.218,2449,0.629,0.029,1428
55444.691,2469,0.545,-0.031,-6133
55480.217,2487,0.486,0.000,-4024
55516.062,2503,0.412,-0.030,5508
55551.815,2517,0.371,-0.029,13817
55587.583,2530,0.343,0.000,7877
55621.961,2542,0.333,-0.031,13686
55657.797,2551,0.229,0.000,1023
55692.163,2557,0.121,0.000,1999
55726.879,2561,0.088,0.000,-1611
55762.804,2564,0.057,0.000,7417
55797.173,2565,0.000,0.000,16230
55831.873,2565,0.000,0.000,8691
55866.235,2565,0.000,0.000,6624
55900.692,2565,0.000,0.000,-3749
55936.210,2563,-0.114,0.000,-2785
55972.074,2557,-0.265,0.000,-240
56007.824,2544,-0.486,0.000,-6345
56043.580,2525,-0.600,-0.029,-399
56079.217,2500,-0.857,0.000,-5738
56115.066,2467,-1.029,0.000,-1300
56150.811,2429,-1.114,-0.029,-393
56186.296,2387,-1.229,0.000,-7484
56222.221,2343,-1.200,0.000,565
56256.277,2300,-1.242,-0.031,-4218
56292.080,2258,-1.229,0.000,3155
56327.832,2217,-1.059,-0.030,1823
56363.604,2181,-0.971,0.059,12166
56399.218,2151,-0.771,0.000,48928
56434.782,2122,-0.765,0.000,79438
56470.123,2099,-0.571,-0.029,101511
56505.748,2081,-0.471,0.000,127243
56541.095,2066,-0.343,0.029,144891
56576.714,2058,-0.147,-0.030,138365
56612.208,2056,-0.029,0.000,140911
56648.218,2053,-0.114,0.000,143426
56684.075,2050,-0.059,0.000,150841
56719.685,2047,-0.029,0.000,150551
56755.081,2047,-0.029,0.000,144582
56790.696,2046,0.000,-0.030,152051
56826.082,2046,0.000,0.000,146611
56861.684,2046,0.000,0.000,145578
56897.147,2046,0.000,0.000,147461
56932.880,2046,0.000,0.000,148157
56968.647,2046,0.000,0.000,140792
57004.226,2046,0.000,0.000,148501
57039.788,2046,0.000,0.000,142158
57075.117,2046,0.000,0.000,150465
57110.711,2046,0.000,0.000,152578
57146.075,2046,0.000,0.000,143007
57181.676,2046,0.000,0.000,148241
57217.145,2047,0.057,0.000,134900
57252.902,2051,0.235,0.030,111904
57288.663,2063,0.457,0.000,72286
57324.220,2081,0.543,0.029,43105
57359.789,2101,0.647,0.000,29147
57395.131,2125,0.714,0.000,5039
57429.229,2151,0.727,0.031,-2561
57464.783,2177,0.794,-0.030,1897
57500.129,2206,0.743,-0.029,634
57534.240,2232,0.758,-0.031,-2440
57569.788,2258,0.794,0.000,866
57604.154,2285,0.788,0.000,-5256
57639.762,2313,0.857,0.000,-5228
57675.096,2343,0.886,0.029,-192
57709.228,2375,0.939,-0.031,-1440
57744.789,2404,0.765,0.000,-4888
57780.122,2429,0.629,0.000,263
57814.235,2452,0.636,0.000,-4418
57849.789,2472,0.559,0.030,-5883
57885.137,2491,0.486,-0.029,-106
57920.756,2506,0.353,-0.030,-328
57956.102,2517,0.286,0.029,-6017
57991.718,2526,0.235,0.000,1207
58025.950,2535,0.242,0.031,-5767
58061.655,2543,0.257,0.029,119
58095.892,2551,0.182,0.000,-3401
58131.652,2557,0.114,0.000,-5418
58167.128,2561,0.086,0.000,187
58201.086,2562,0.000,0.000,-2865
58236.679,2560,-0.176,0.000,-390
58272.158,2548,-0.514,-0.029,-3844
58308.069,2524,-0.765,0.000,-5752
58343.830,2493,-1.000,0.000,-424
58379.440,2452,-1.257,0.000,-6048
58415.059,2403,-1.500,0.000,32
58484.797,2288,-1.765,0.030,-72
58519.171,2228,-1.667,0.031,-1835
58554.783,2172,-1.429,0.029,10559
58590.131,2126,-1.229,0.000,71219
58625.739,2090,-0.824,0.030,102429
58661.090,2069,-0.429,0.000,117855
58696.714,2058,-0.206,0.000,129728
58732.193,2052,-0.114,-0.029,136536
58767.071,2048,-0.147,0.000,138475
58802.822,2041,-0.206,0.030,163511
58838.583,2035,-0.143,0.000,164078
58874.220,2032,-0.057,0.000,172212
58909.788,2031,0.000,0.000,169116
58945.121,2030,-0.029,0.000,169439
58980.735,2029,0.000,0.000,173577
59016.071,2029,0.000,0.000,163881
59051.665,2029,0.000,0.000,165692
59087.136,2029,0.000,0.000,165215
59122.874,2029,0.000,0.000,168088
59158.658,2029,0.000,0.000,160467
59194.219,2029,0.000,0.000,165341
59230.074,2029,0.000,0.000,159439
59265.675,2029,0.000,0.000,160377
59301.082,2029,0.000,0.029,154844
59336.690,2032,0.147,-0.030,129339
59372.182,2037,0.143,0.000,115821
59408.058,2045,0.294,-0.030,84151
59443.818,2058,0.457,0.029,55300
59479.438,2078,0.629,0.029,29576
59515.053,2102,0.706,0.000,8466
59549.225,2128,0.765,0.000,181
59583.273,2156,0.788,0.000,-4654
59619.219,2186,0.886,-0.029,-5473
59654.782,2218,0.882,0.030,-450
59689.167,2250,0.939,-0.031,-717
59724.783,2283,0.943,0.000,-3768
59760.117,2318,0.971,0.000,1064
59794.224,2352,1.000,0.000,-6199
59829.789,2388,1.029,0.000,-4062
59865.121,2424,1.000,0.000,108
59899.223,2457,0.909,0.031,-1173
59934.789,2486,0.794,0.000,-2878
59970.131,2510,0.571,0.000,1943
60004.226,2529,0.515,0.000,-4072
60039.783,2547,0.471,0.030,-3994
60075.131,2560,0.257,-0.029,1554
60110.748,2567,0.147,0.000,-88
60144.970,2570,0.030,0.000,-5792
60180.663,2567,-0.200,0.000,-78
60214.893,2557,-0.394,0.031,-5700
60250.657,2539,-0.600,-0.029,-5670
60286.072,2517,-0.600,0.000,-3759
60321.687,2493,-0.706,-0.030,-917
60357.171,2468,-0.714,0.029,-4315
60393.061,2443,-0.706,0.000,1185
60428.809,2417,-0.771,0.000,-4658
60464.288,2391,-0.714,0.000,766
60498.796,2365,-0.788,0.000,-1081
60534.267,2338,-0.743,0.029,-3704
60569.782,2313,-0.735,0.000,905
60604.149,2289,-0.667,0.031,-5921
60639.767,2265,-0.657,0.029,-4547
60675.116,2242,-0.629,0.029,-328
60710.735,2221,-0.529,0.030,388
60744.976,2203,-0.485,0.000,-21
60779.229,2187,-0.441,0.000,6623
60814.789,2172,-0.382,0.000,7446
60850.127,2160,-0.314,0.029,18721
60885.744,2149,-0.324,0.030,32938
60921.095,2139,-0.286,0.000,45749
60956.699,2129,-0.265,0.000,49475
60992.175,2121,-0.229,0.000,65103
61028.068,2113,-0.206,0.000,67699
61063.825,2107,-0.171,0.000,79450
61099.441,2101,-0.143,0.000,79404
61135.054,2097,-0.118,0.030,80060
61170.678,2093,-0.143,0.000,90654
61206.073,2087,-0.143,0.000,90138
61241.679,2082,-0.118,0.030,97561
61277.164,2079,-0.086,0.029,100628
61313.075,2075,-0.118,0.000,109240
61348.830,2070,-0.143,0.000,111359
61384.442,2065,-0.143,0.029,124460
61420.074,2060,-0.114,-0.029,124994
61455.700,2056,-0.118,0.000,133022
61491.083,2052,-0.086,0.000,144403
61526.693,2049,-0.059,0.000,141446
61562.173,2047,-0.029,-0.059,148051
61598.068,2047,0.029,0.000,140548
61633.811,2046,0.000,0.029,146571
61669.292,2046,-0.029,-0.029,144390
61705.054,2046,0.000,0.000,137985
61740.670,2046,0.000,-0.029,141435
61776.083,2046,0.000,0.000,138661
61811.685,2046,0.000,0.000,137189
61847.164,2046,0.000,0.000,134864
61882.914,2046,0.000,0.000,140407
61918.663,2046,0.000,0.000,132614
61954.221,2046,0.000,0.000,138691
61989.788,2047,0.029,0.000,126878
62025.129,2049,0.143,0.000,116801
62060.730,2057,0.294,0.000,87221
62096.074,2069,0.400,0.029,52600
62131.692,2086,0.559,0.000,37574
62167.172,2107,0.600,0.000,12896
62203.075,2129,0.676,0.000,5561
62237.172,2153,0.647,0.000,-1133
62273.074,2177,0.676,-0.030,-2504
62308.839,2201,0.657,0.000,2064
62343.220,2223,0.647,-0.061,-4848
62379.075,2247,0.676,-0.030,-952
62414.693,2272,0.743,0.000,-4535
62450.080,2299,0.771,0.029,-3317
62485.699,2327,0.824,0.000,-4518
62521.083,2356,0.800,0.029,-1449
62556.697,2385,0.794,0.000,4283
62590.921,2411,0.758,0.000,4547
62625.089,2435,0.706,0.000,3493
62659.228,2459,0.667,0.031,65
62693.282,2481,0.606,-0.031,-3534
62729.221,2501,0.571,0.000,-1551
62764.789,2522,0.559,-0.030,-6791
62800.143,2543,0.600,0.029,-7482
62835.762,2562,0.471,0.000,-4019
62871.095,2577,0.400,-0.029,-1885
62906.714,2590,0.353,-0.030,-5963
62942.199,2601,0.286,-0.029,2189
62977.074,2686,0.206,0.031,-4800
63012.825,2615,0.118,0.000,515
63047.053,2618,0.061,0.000,-1565
63082.797,2619,0.000,0.029,-5670
63118.267,2618,-0.057,0.000,-1151
63152.956,2612,-0.273,0.000,-5209
63188.697,2599,-0.514,0.000,-98
63223.068,2578,-0.697,0.000,-3997
63258.815,2548,-1.029,0.000,-3121
63294.286,2508,-1.171,-0.029,1811
63330.039,2466,-1.206,-0.030,-6444
63365.666,2424,-1.200,-0.029,-904
63401.082,2379,-1.257,-0.029,-2595
63436.714,2336,-1.176,0.000,-1748
63472.192,2294,-1.143,0.000,481
63507.047,2255,-1.121,0.000,-3797
63542.797,2215,-1.057,-0.029,1917
63578.291,2180,-0.914,0.000,5473
63614.216,2152,-0.714,0.000,33976
63649.783,2127,-0.647,0.030,59918
63685.130,2107,-0.514,-0.029,76434
63720.750,2090,-0.471,0.000,101927
63756.096,2075,-0.400,0.000,113630
63791.711,2062,-0.294,0.030,128465
63827.199,2055,-0.143,0.029,133199
63862.081,2053,-0.029,0.000,134156
63897.846,2050,-0.118,0.030,137799
63933.665,2047,-0.057,0.029,144158
63969.221,2046,0.000,0.000,136534
64004.789,2046,0.000,0.000,139515
64040.122,2046,0.000,0.000,139249
64075.725,2046,0.000,0.000,131848
64111.082,2046,0.000,0.000,136738
64146.684,2046,0.000,0.000,134067
64182.150,2046,0.000,0.000,134216
64217.899,2046,0.000,0.000,134150
64253.666,2046,0.000,0.000,136142
64289.211,2046,0.000,0.000,130389
64324.065,2046,0.000,0.000,138035
64359.664,2046,0.029,0.000,127949
64395.081,2049,0.114,0.000,118276
64430.688,2054,0.206,0.000,95473
64466.083,2064,0.314,-0.029,67189
64501.708,2074,0.324,0.000,56772
64574.226,2097,0.333,0.029,36369
64609.797,2108,0.294,0.000,27135
64645.136,2119,0.314,0.000,17324
64680.741,2131,0.382,-0.030,15085
64716.095,2146,0.486,0.000,-1030
64751.697,2164,0.588,0.000,-3509
64787.165,2188,0.743,0.000,355
64821.732,2213,0.727,0.000,1838
64855.967,2237,0.727,-0.031,-5400
64891.665,2261,0.657,0.029,1231
64925.902,2283,0.606,0.062,-6672
64961.665,2302,0.543,0.000,-324
64995.894,2320,0.485,-0.031,-1787
65031.665,2337,0.429,0.000,-4137
65067.137,2352,0.457,0.000,-1271
65102.881,2372,0.618,0.030,-6544
65138.655,2397,0.743,-0.029,-1516
65174.220,2424,0.686,-0.029,-5269
65209.783,2448,0.647,-0.030,-3690
65245.131,2469,0.543,-0.029,9
65279.228,2487,0.515,0.062,-5835
65314.782,2504,0.441,0.030,1501
65349.172,2518,0.394,0.031,-5067
65384.789,2532,0.429,0.000,70
65419.156,2547,0.364,-0.031,-1033
65455.081,2557,0.250,0.029,-6540
65490.701,2567,0.294,0.030,908
65524.950,2576,0.273,0.031,-4664
65560.663,2585,0.200,-0.029,-6527
65596.084,2591,0.143,0.000,-3422
65631.691,2596,0.118,0.030,2936
65665.935,2598,0.000,0.000,-3346
65701.658,2598,0.000,0.000,1494
65735.887,2597,-0.121,0.000,-4577
65771.657,2590,-0.286,0.000,1934
65807.143,2578,-0.371,-0.029,-2853
65842.901,2563,-0.471,0.000,-4562
65878.655,2541,-0.743,0.029,773
65913.040,2513,-0.879,0.000,-4913
65948.797,2479,-1.029,0.000,573
65983.172,2444,-0.970,-0.031,-4222
66019.074,2408,-1.086,-0.029,-5969
66054.699,2366,-1.286,0.000,-990
66090.074,2319,-1.314,0.000,-7186
66125.684,2273,-1.265,0.000,437
66159.913,2233,-1.091,0.000,-5925
66195.663,2198,-0.914,0.029,2081
66231.071,2169,-0.657,0.029,13329
66266.700,2150,-0.529,-0.030,28363
66302.193,2129,-0.600,0.000,59661
66338.068,2110,-0.471,0.030,73621
66373.833,2096,-0.343,0.000,92782
66409.439,2085,-0.314,0.000,103132
66445.047,2075,-0.265,-0.030,109850
66480.670,2066,-0.200,0.000,125414
66516.083,2060,-0.143,0.029,123927
66551.707,2055,-0.147,-0.061,135164
66587.200,2051,-0.057,0.000,135348
66622.074,2048,-0.088,0.000,145883
66657.839,2046,-0.029,0.000,141304
66693.601,2046,0.000,0.000,143427
66729.221,2046,0.000,0.000,137618
66764.789,2046,0.000,0.000,142002
66800.123,2046,0.000,0.000,139115
66835.724,2046,0.000,0.000,135356
66871.083,2046,0.000,0.000,141122
66906.686,2046,0.000,0.000,133436
66942.149,2046,0.000,0.000,134483
66977.885,2046,0.000,0.000,132595
67013.657,2046,0.000,0.000,137571
67049.220,2046,0.000,0.000,131662
67084.789,2046,0.000,0.000,138127
67120.116,2046,0.000,0.000,132055
67155.714,2046,0.000,0.000,132937
67191.073,2046,0.000,0.000,135650
67226.678,2046,0.000,0.000,130752
67262.142,2046,0.000,0.000,134762
67297.880,2046,0.029,0.000,127608
67333.658,2048,0.086,0.000,120347
67369.211,2054,0.229,-0.029,94232
67404.782,2064,0.324,-0.030,65121
67440.130,2077,0.429,0.029,48456
67475.746,2093,0.500,0.030,26195
67511.094,2111,0.514,0.029,14414
67546.720,2129,0.500,0.000,5535
67580.942,2147,0.485,0.000,4025
67615.088,2163,0.500,-0.030,-4246
67650.713,2183,0.618,0.030,2048
67684.956,2205,0.667,0.000,-3981
67720.658,2230,0.857,0.000,-4784
67756.083,2264,0.971,0.000,-2589
67791.693,2300,1.059,0.000,-645
67825.922,2337,1.091,-0.031,-6271
67861.655,2374,1.029,0.029,1591
67895.899,2408,0.879,0.031,-4166
67931.658,2436,0.743,-0.029,515
67965.907,2462,0.727,0.031,-4031
68001.653,2486,0.686,0.000,-3510
68037.130,2510,0.629,0.029,-1151
68072.888,2532,0.647,-0.030,-5295
68108.658,2554,0.571,0.000,1019
68143.040,2572,0.455,0.000,-5244
68178.788,2587,0.429,-0.029,-3482
68214.279,2602,0.371,0.000,2183
68248.795,2613,0.303,-0.031,-4284
68284.286,2623,0.286,0.000,80
68318.788,2630,0.152,0.000,-6279
68354.262,2635,0.086,0.000,-1516
68389.782,2637,0.029,0.000,-1785
68425.123,2637,-0.029,0.000,-5401
68460.731,2635,-0.118,0.030,-920
68496.083,2630,-0.171,0.000,-6210
68531.833,2620,-0.353,-0.030,-6395
68567.592,2607,-0.400,-0.029,-2536
68603.217,2590,-0.571,0.000,-1278
68639.071,2565,-0.824,-0.030,-8891
68674.830,2528,-1.171,0.029,-5276
68710.589,2482,-1.400,-0.029,-9782
68746.220,2431,-1.457,-0.029,-5626
68782.065,2380,-1.382,0.000,-3667
68817.811,2335,-1.171,0.000,-9385
68853.288,2295,-1.086,0.000,-2014
68889.221,2255,-1.086,0.029,-6621
68925.061,2220,-0.912,0.000,528
68959.228,2190,-0.824,0.000,8152
68995.061,2164,-0.647,-0.030,24135
69030.822,2142,-0.600,0.029,58688
69066.589,2122,-0.543,0.000,72346
69102.219,2104,-0.457,0.000,88198
69138.063,2088,-0.412,-0.030,107512
69173.832,2074,-0.371,0.000,129271
69209.588,2063,-0.257,0.029,135933
69245.220,2056,-0.143,0.029,145712
69281.069,2052,-0.059,0.000,141070
69316.822,2049,-0.086,0.000,143405
69352.297,2047,-0.029,0.000,148812
69388.218,2047,0.000,0.000,141561
69424.241,2047,0.000,0.029,145475
69460.069,2047,0.000,0.000,141485
69495.817,2047,0.000,0.000,142479
69531.284,2047,-0.029,-0.029,143439
69567.218,2047,0.000,0.029,137016
69603.584,2047,0.000,0.000,144356
69639.224,2047,0.000,0.000,137988
69675.062,2047,0.000,0.030,140576
69710.811,2047,0.000,0.000,142680
69746.284,2047,0.000,0.029,135586
69782.220,2047,-0.029,-0.029,145030
69818.068,2047,0.000,0.030,137594
69853.818,2047,0.000,0.000,141104
69889.282,2047,-0.029,-0.029,138267
69925.219,2047,-0.029,0.029,134009
69961.069,2047,0.000,0.000,140268
69996.803,2047,0.029,0.000,126110
70032.284,2052,0.229,0.029,98728
70068.220,2064,0.429,0.000,64767
70104.059,2080,0.441,0.000,48953
70139.817,2096,0.457,0.000,25863
70175.297,2113,0.457,0.029,20338
70211.217,2130,0.486,0.029,1649
70245.693,2149,0.576,0.000,-1852
70281.221,2168,0.629,0.000,151
70315.686,2191,0.697,0.000,-9828
70351.212,2216,0.743,0.000,-1523
70387.063,2242,0.706,-0.030,-7009
70422.815,2265,0.600,0.000,-5754
70458.577,2286,0.571,0.029,-11180
70494.221,2307,0.657,0.000,-6360
70530.065,2331,0.647,-0.030,-9207
70565.824,2351,0.543,0.000,-1591
70601.577,2372,0.600,0.029,-5983
70637.215,2395,0.629,0.029,-5845
70673.073,2417,0.647,0.000,-1068
70708.819,2439,0.629,0.000,-7608
70744.297,2460,0.571,-0.029,-693
70780.209,2481,0.543,0.000,-9238
70815.179,2500,0.545,0.000,-4182
70851.062,2518,0.429,0.000,-2165
70886.812,2533,0.400,0.029,-8600
70922.572,2546,0.314,0.000,-2522
70958.213,2557,0.257,0.000,-7448
70994.074,2565,0.206,0.000,-1825
71029.832,2572,0.171,0.000,-1503
71065.582,2577,0.114,0.000,-7829
71101.221,2581,0.114,0.000,-3300
71137.063,2584,0.000,-0.030,-7320
71172.809,2584,-0.029,0.000,-6545
71208.288,2581,-0.143,0.000,-6343
71244.221,2574,-0.286,-0.029,-788
71280.061,2560,-0.500,0.000,-6833
71315.811,2538,-0.743,-0.029,-2626
71351.574,2506,-1.000,0.000,-7587
71387.220,2465,-1.286,-0.029,-7392
71423.068,2416,-1.412,0.030,-2371
71458.822,2367,-1.371,0.029,-8491
71494.582,2317,-1.371,-0.029,-2422
71530.220,2271,-1.229,0.029,-4679
71566.062,2228,-1.147,0.000,-4541
71601.812,2192,-0.914,-0.029,3730
71637.297,2163,-0.686,0.000,18959
71673.221,2138,-0.743,0.000,56838
71709.074,2114,-0.588,-0.030,76251
71744.830,2097,-0.429,0.000,97431
71780.582,2081,-0.429,0.029,115016
71816.227,2068,-0.314,0.000,124359
71852.074,2059,-0.176,0.000,137224
71887.825,2055,-0.086,0.029,130406
71923.592,2052,-0.086,0.000,139392
71959.227,2050,-0.086,-0.029,139872
71995.068,2047,-0.029,0.000,139986
72030.823,2046,0.000,-0.059,143978
72066.576,2046,0.000,0.000,138220
72102.220,2046,0.000,0.000,138336
72138.068,2046,0.000,0.000,137487
72173.809,2046,0.000,-0.029,140326
72209.295,2046,0.000,0.000,134113
72245.221,2046,0.000,0.000,139532
72281.069,2046,0.000,0.000,136004
72316.811,2046,0.000,0.000,132993
72352.285,2046,0.000,0.000,138325
72388.220,2046,0.000,-0.029,131746
72424.063,2046,0.000,0.000,136799
72459.801,2046,0.000,-0.029,131019
72495.276,2046,0.000,0.000,135420
72531.221,2046,0.000,0.000,136815
72567.071,2046,0.000,0.000,131566
72602.803,2047,0.000,0.029,131153
72638.283,2050,0.143,0.029,104079
72674.220,2058,0.286,0.000,84195
72710.068,2069,0.324,0.000,61572
72745.817,2079,0.343,0.029,43547
72781.576,2093,0.400,0.000,35401
72817.220,2109,0.429,-0.029,18796
72853.062,2125,0.471,0.000,13442
72888.812,2144,0.571,-0.029,1611
72924.297,2166,0.657,0.000,-7177
72960.219,2193,0.829,0.000,-1842
72996.070,2224,0.912,-0.030,-7356
73031.832,2258,0.971,0.000,-6980
73067.580,2292,0.943,0.000,-6027
73103.211,2325,0.857,0.000,-1173
73139.058,2355,0.824,0.000,-7641
73174.800,2384,0.771,-0.029,-2958
73210.289,2411,0.714,0.000,-8351
73246.219,2435,0.600,0.029,-1538
73282.066,2455,0.529,0.000,410
73316.223,2474,0.529,0.000,-5389
73352.065,2492,0.529,0.030,768
73386.229,2511,0.529,0.000,-6808
73422.060,2530,0.559,0.030,675
73456.229,2548,0.471,0.000,-3684
73492.068,2562,0.353,0.030,-6523
73527.830,2574,0.314,0.000,-2578
73563.579,2585,0.314,0.029,-6416
73599.220,2594,0.200,0.029,-6636
73635.059,2599,0.059,-0.030,-2246
73670.824,2599,-0.029,0.000,-1011
73706.580,2599,-0.057,-0.029,-6409
73742.218,2595,-0.171,0.000,-1600
73778.069,2584,-0.353,0.000,-8843
73813.817,2570,-0.486,-0.029,-1483
73849.588,2547,-0.800,0.000,-1547
73885.219,2515,-0.971,-0.029,-9218
73921.075,2476,-1.206,0.000,-730
73956.813,2433,-1.200,0.000,-7844
73992.294,2389,-1.200,0.029,-6478
74028.219,2344,-1.229,0.029,-4281
74064.068,2301,-1.176,0.000,-1764
74099.818,2260,-1.114,0.000,-8037
74135.296,2222,-1.000,0.029,-1214
74171.219,2190,-0.857,0.029,339
74205.699,2163,-0.636,0.031,18820
74241.220,2142,-0.600,0.000,47007
74277.069,2120,-0.559,-0.030,64404
74312.839,2104,-0.429,0.029,83912
74348.590,2088,-0.429,0.029,97422
74384.221,2073,-0.371,-0.029,116903
74420.068,2062,-0.265,0.000,129535
74455.824,2054,-0.171,0.029,131105
74491.583,2051,-0.057,0.000,135295
74527.216,2049,-0.057,0.000,127961
74563.062,2047,-0.059,0.000,139355
74598.811,2046,0.000,0.000,135958
74634.283,2046,0.000,0.000,135483
74670.218,2046,0.000,0.000,138863
74706.216,2046,0.000,0.000,132869
74741.186,2046,0.000,0.000,132939
74777.066,2046,0.000,0.000,133466
74812.812,2046,0.000,0.000,135558
74848.281,2046,0.000,0.000,129960
74884.218,2045,-0.029,0.000,137053
74920.066,2044,-0.029,0.000,133893
74955.818,2043,-0.029,0.000,136518
74991.580,2043,0.000,0.000,138681
75027.219,2043,-0.029,0.000,132411
75063.065,2042,-0.029,0.000,141023
75098.821,2041,0.000,0.000,133745
75134.292,2041,0.000,0.000,138106
75170.220,2042,0.114,0.029,126088
75206.065,2049,0.235,0.000,90416
75241.811,2058,0.257,0.000,74749
75277.289,2069,0.314,-0.029,51550
75313.219,2080,0.314,0.029,49715
75349.067,2090,0.294,0.030,38781
75384.829,2100,0.286,0.029,28038
75420.580,2110,0.314,0.000,27263
75456.217,2121,0.343,0.000,13082
75492.067,2135,0.412,0.000,3991
75526.231,2150,0.471,0.030,-1658
75562.066,2168,0.588,0.030,-1871
75597.825,2191,0.686,-0.029,-4344
75633.580,2216,0.714,0.000,211
75667.941,2245,0.879,0.000,-8617
75703.798,2276,0.914,0.000,-1474
75739.275,2307,0.800,0.029,-5047
75775.220,2333,0.714,0.000,-7873
75811.061,2359,0.735,0.030,-1359
75846.821,2386,0.714,0.000,-8495
75882.576,2411,0.686,0.000,-7272
75918.211,2435,0.629,0.000,-5136
75954.060,2456,0.559,0.000,-696
75988.226,2474,0.529,-0.030,-6188
76024.060,2493,0.559,0.030,-326
76058.228,2512,0.500,-0.030,-7079
76094.062,2530,0.529,0.000,-1598
76129.812,2548,0.514,-0.029,-3619
76165.658,2564,0.371,-0.029,-7404
76201.288,2575,0.200,0.000,307
76235.939,2583,0.273,-0.031,-8507
76271.963,2591,0.229,0.000,-7671
76307.801,2599,0.171,0.029,-6840
76343.294,2604,0.114,0.000,-2253
76379.496,2606,0.000,0.000,-7723
76415.496,2604,-0.143,0.000,-385
76451.496,2595,-0.400,-0.029,-6788
76487.495,2578,-0.600,-0.029,-3389
76523.496,2550,-1.029,-0.029,-1859
76559.296,2507,-1.343,0.000,-8282
76595.496,2456,-1.543,0.000,-3008
76631.283,2400,-1.629,-0.029,-6313
76667.495,2345,-1.543,0.000,-4956
76703.289,2292,-1.486,0.000,-536
76739.496,2242,-1.343,0.000,-6896
76775.496,2200,-1.057,0.000,1289
76811.496,2166,-0.857,0.029,11712
76847.291,2138,-0.800,0.029,46187
76883.495,2111,-0.686,0.029,79672
76919.496,2090,-0.543,0.029,96121
76955.497,2072,-0.457,0.000,120099
76991.496,2060,-0.286,0.029,125794
77027.298,2052,-0.143,0.000,131714
77063.496,2048,-0.114,0.000,138527
77099.296,2046,0.000,0.000,130148
77135.495,2045,-0.114,-0.029,142756
77171.293,2038,-0.200,0.000,157443
77207.496,2033,-0.114,0.029,164976
77243.294,2031,-0.029,0.000,170013
77279.495,2030,0.000,0.029,162608
77315.296,2029,-0.029,0.029,163587
77351.293,2029,0.000,0.000,158527
77387.493,2029,0.000,0.000,157234
77423.495,2029,0.000,0.000,161201
77459.293,2029,0.000,0.000,152748
77495.496,2029,0.000,0.000,156707
77531.496,2029,0.000,0.000,152364
77567.495,2029,0.000,0.000,153772
77603.496,2029,0.000,0.000,156319
77639.495,2029,0.000,0.000,150358
77675.289,2029,0.000,0.000,155499
77711.496,2029,0.000,0.000,148662
77747.497,2029,0.000,0.000,151189
77783.286,2029,0.000,-0.029,154748
77819.296,2031,0.114,-0.029,131114
77855.495,2037,0.229,0.029,107468
77891.293,2047,0.343,0.000,73133
77927.497,2061,0.457,0.000,47987
77963.497,2078,0.543,0.029,34501
77999.496,2097,0.543,0.029,13160
78035.295,2119,0.686,-0.029,3100
78071.495,2144,0.743,-0.029,-5053
78107.493,2169,0.714,0.029,-3153
78143.296,2195,0.743,0.000,-1384
78179.495,2222,0.800,-0.029,-8844
78215.497,2253,0.971,0.029,-2550
78251.293,2286,0.943,0.029,-7969
78287.293,2321,1.000,0.000,-4173
78323.495,2355,0.971,0.000,-3512
78359.216,2388,0.914,0.000,-7268
78394.995,2417,0.765,0.030,-1063
78430.751,2441,0.629,-0.029,-7462
78466.297,2466,0.714,0.000,-4853
78502.215,2490,0.657,0.000,-2010
78538.062,2511,0.529,0.000,-8083
78573.735,2530,0.514,0.000,-454
78608.105,2547,0.424,0.000,-7224
78643.849,2561,0.371,-0.029,-2277
78679.801,2573,0.343,0.000,-2933
78715.273,2585,0.314,0.000,-6151
78751.221,2595,0.257,-0.029,-627
78787.075,2604,0.324,0.000,-8901
78822.825,2615,0.286,0.029,-6508
78858.583,2627,0.343,0.000,-5567
78894.220,2638,0.286,-0.029,-1666
78930.066,2646,0.176,-0.030,-6811
78965.821,2649,0.057,-0.029,-1131
79001.580,2650,0.000,0.029,-4176
79037.212,2650,-0.029,0.029,-3906
79073.062,2646,-0.206,0.000,-417
79108.809,2636,-0.371,0.000,-6103
79144.291,2620,-0.514,0.000,-846
79180.223,2602,-0.486,-0.029,-6464
79216.067,2585,-0.529,0.000,-4666
79251.819,2564,-0.686,0.000,-3823
79287.577,2534,-0.914,-0.029,-9046
79323.220,2500,-1.000,0.000,371
79357.699,2464,-1.091,0.000,-5892
79393.215,2424,-1.171,0.029,-720
79429.065,2380,-1.265,0.030,-3492
79464.824,2338,-1.171,0.000,-6951
79500.582,2296,-1.143,0.000,-1930
79536.213,2255,-1.114,0.029,-8794
79572.068,2218,-0.971,0.000,-5876
79607.821,2186,-0.829,-0.029,-391
79643.582,2161,-0.571,-0.029,17443
79679.221,2138,-0.686,-0.029,39977
79715.065,2115,-0.588,-0.030,70708
79750.823,2096,-0.457,0.000,90789
79786.581,2079,-0.429,0.000,110276
79822.218,2066,-0.314,0.029,125937
79858.064,2057,-0.206,0.000,127894
79893.817,2050,-0.200,0.029,142005
79929.582,2044,-0.171,0.000,146075
79965.217,2037,-0.200,0.029,165354
80001.068,2032,-0.088,0.000,169565
80036.818,2030,-0.029,0.000,163154
80072.296,2029,-0.029,-0.029,169660
80108.219,2029,0.029,0.029,159449
80144.067,2029,0.000,0.000,166649
80179.812,2029,-0.029,0.029,162873
80215.578,2029,0.000,0.000,155448
80251.220,2029,0.000,0.000,160085
80287.067,2029,-0.029,0.030,152268
80322.832,2029,0.000,0.000,157224
80358.294,2029,0.000,0.000,159667
80394.217,2029,0.000,0.000,151204
80429.130,2029,0.000,0.000,155862
80464.873,2029,0.000,0.000,151742
80500.801,2029,0.000,0.000,152120
80536.269,2029,0.000,0.000,151875
80570.905,2029,0.000,0.000,155306
80606.803,2029,0.000,0.000,148699
80642.268,2029,0.000,0.000,155091
80676.947,2029,0.000,0.000,148405
80712.801,2029,0.000,0.000,154226
80748.268,2029,0.029,0.029,150091
80782.957,2031,0.152,-0.031,131240
80818.809,2040,0.400,0.000,89799
80854.289,2060,0.629,0.000,39936
80890.227,2084,0.657,-0.029,19179
80926.068,2106,0.618,0.000,11803
80961.817,2127,0.571,0.000,6619
80996.191,2147,0.515,0.000,-5921
81032.070,2165,0.543,-0.029,-1040
81067.838,2189,0.714,0.029,-7909
81103.603,2216,0.771,0.000,-3931
81139.218,2245,0.771,-0.029,-2247
81175.067,2269,0.588,0.000,-6918
81210.812,2289,0.600,0.000,-2248
81246.291,2311,0.629,0.000,-7708
81282.218,2334,0.657,0.000,-5116
81318.063,2357,0.676,0.030,-6852
81353.825,2382,0.657,0.000,-1719
81389.579,2404,0.657,0.000,-5096
81425.221,2426,0.571,-0.029,-2145
81461.066,2446,0.529,0.000,-6767
81496.811,2464,0.486,0.000,-5708
81532.289,2482,0.457,0.029,-3537
81568.218,2499,0.514,-0.029,-9277
81604.066,2517,0.500,0.030,-2698
81639.818,2535,0.514,-0.029,-7438
81675.580,2553,0.429,0.029,-6021
81711.217,2567,0.371,-0.029,-2788
81747.074,2580,0.353,0.030,-8775
81782.832,2593,0.343,-0.029,-2739
81818.596,2603,0.257,-0.059,-6384
81854.220,2613,0.229,-0.029,-1656
81890.065,2619,0.118,0.000,-4221
81925.818,2622,0.029,-0.059,-6853
81961.577,2622,-0.057,0.000,-605
81997.219,2621,-0.114,0.000,-8269
82033.061,2612,-0.382,0.030,-2316
82068.818,2593,-0.686,0.000,-2315
82104.297,2565,-0.857,0.000,-7662
82140.221,2531,-0.943,-0.029,-3364
82176.068,2498,-0.912,0.000,-8974
82211.818,2466,-0.886,0.000,-7969
82247.290,2438,-0.714,-0.029,-5294
82283.217,2411,-0.743,0.000,-3263
82319.068,2386,-0.676,0.000,-11328
82354.824,2362,-0.657,-0.029,-3864
82390.586,2338,-0.629,0.029,-8718
82426.226,2315,-0.657,0.029,-6459
82462.060,2293,-0.559,-0.030,-1884
82497.818,2275,-0.514,0.029,-7171
82533.580,2253,-0.686,0.000,-6303
82569.220,2229,-0.657,0.000,-13344
82605.075,2207,-0.559,0.000,-1635
82640.824,2188,-0.571,0.000,4197
82676.578,2168,-0.514,-0.029,3522
82712.217,2151,-0.457,0.000,27604
82748.066,2134,-0.500,0.030,43094
82783.822,2117,-0.429,0.000,65106
82819.294,2103,-0.343,0.000,77132
82855.227,2092,-0.286,0.029,85166
82891.068,2083,-0.235,0.000,99579
82926.816,2075,-0.200,0.000,98580
82962.294,2069,-0.143,0.029,103234
82998.220,2064,-0.143,0.000,110846
83034.067,2059,-0.088,0.000,116302
83069.816,2056,-0.114,0.000,116323
83105.582,2053,-0.086,0.000,126044
83141.227,2049,-0.143,-0.029,128966
83177.066,2045,-0.029,-0.030,132091
83212.832,2045,0.000,0.000,132727
83248.574,2045,0.000,0.000,125373
83284.220,2045,-0.029,0.000,133467
83320.073,2043,-0.088,0.000,134606
83355.824,2039,-0.143,0.000,148684
83391.577,2033,-0.143,0.000,166776
83427.219,2030,-0.057,0.000,161527
83463.065,2029,0.000,0.000,167817
83498.801,2029,0.000,0.000,161941
83534.267,2029,0.000,0.000,164710
83570.067,2029,0.000,0.000,162619
83605.803,2029,0.000,0.000,156304
83641.267,2029,0.000,0.000,161555
83677.065,2029,0.000,0.000,153652
83712.802,2029,0.000,0.000,158262
83748.268,2029,0.000,0.029,156406
83782.957,2029,0.000,0.000,154388
83818.803,2029,0.000,0.000,158505
83854.266,2029,0.029,0.000,148917
83890.065,2031,0.118,0.000,130282
83925.813,2037,0.200,0.000,106140
83961.295,2047,0.343,-0.029,78487
83997.221,2062,0.457,0.000,42248
84033.065,2079,0.500,0.000,33037
84068.812,2098,0.543,0.000,13955
84104.289,2118,0.543,0.029,5243
84138.944,2138,0.606,0.000,-3901
84174.795,2160,0.657,0.000,-8300
84210.276,2186,0.714,0.000,-1473
84246.221,2211,0.686,0.000,-7047
84282.062,2237,0.794,0.000,-7208
84317.812,2266,0.771,-0.029,-5375
84353.577,2293,0.771,0.000,-1461
84389.219,2319,0.686,-0.029,-7095
84425.074,2342,0.618,0.030,-4070
84460.830,2364,0.657,0.000,-9280
84496.583,2387,0.600,0.000,-6418
84532.213,2408,0.600,0.000,-2748
84568.068,2427,0.529,0.000,-9783
84603.811,2444,0.486,0.000,-2479
84639.290,2462,0.429,0.000,-9533
84675.216,2477,0.400,0.000,-4300
84711.062,2491,0.441,0.000,243
84745.234,2505,0.382,0.030,-6440
84781.065,2518,0.382,-0.030,-2768
84816.837,2532,0.371,-0.029,-7953
84852.601,2544,0.286,0.000,-6309
84888.220,2554,0.200,0.000,-5376
84924.067,2559,0.118,0.000,-801
84958.228,2563,0.059,0.000,-7954
84994.062,2563,0.000,0.000,-2073
85029.801,2563,-0.029,0.000,-8451
85065.274,2559,-0.171,-0.059,-5267
85101.220,2548,-0.429,0.000,-4024
85137.073,2530,-0.559,0.000,-8106
85172.824,2506,-0.771,0.000,-2113
85208.580,2475,-0.914,0.000,-9751
85244.218,2441,-0.971,0.000,-4201
85280.061,2404,-1.118,0.000,-4967
85315.812,2365,-1.057,0.000,-11052
85351.580,2331,-0.914,0.000,-5614
85387.220,2296,-1.000,0.000,-10865
85423.061,2263,-0.882,0.000,-1352
85458.809,2231,-0.914,0.000,-4714
85494.280,2201,-0.829,0.000,-9578
85530.218,2172,-0.743,0.029,2169
85566.067,2147,-0.706,0.000,23336
85601.817,2122,-0.686,0.029,60105
85637.583,2099,-0.571,0.000,83478
85673.218,2080,-0.457,0.000,106947
85709.068,2064,-0.353,0.000,119152
85744.819,2055,-0.171,0.000,132638
85780.579,2049,-0.086,0.000,129001
85816.227,2046,-0.029,0.000,130087
85852.068,2046,0.000,0.000,130961
85887.801,2046,0.000,0.029,124439
85923.277,2046,0.000,0.000,128319
85959.220,2046,0.000,0.029,125300
85995.065,2046,0.000,0.061,128996
86030.817,2044,-0.086,-0.029,138237
86066.582,2038,-0.200,0.000,152004
86102.220,2032,-0.114,0.000,165268
86138.060,2030,-0.059,0.000,160185
86173.807,2029,-0.029,0.029,162869
86209.297,2029,-0.029,0.029,159831
86245.219,2029,0.000,0.000,153214
86281.219,2029,0.000,0.000,160229
86317.220,2029,0.000,0.000,150938
86353.068,2029,0.000,0.000,156785
86388.800,2029,0.000,0.000,156482
86424.269,2029,0.000,0.000,151059
86458.913,2029,0.000,0.000,154823
86494.796,2029,0.000,0.000,148273
86530.259,2029,0.000,0.000,151119
86566.061,2029,0.000,0.000,152732
86601.801,2029,0.000,0.000,154479
86637.267,2029,0.000,0.000,146141
86673.061,2029,0.000,0.000,154198
86708.804,2029,0.000,0.000,147050
86744.270,2029,0.000,0.000,152200
86778.907,2029,0.000,0.000,153085
86814.795,2029,0.000,0.000,147488
86850.260,2029,0.000,0.000,152593
86886.065,2029,0.000,0.000,146120
86921.799,2029,0.000,0.000,145362
86957.270,2029,0.000,0.000,148172
86991.906,2029,0.030,0.000,151448
87027.802,2031,0.057,-0.029,128631
87063.294,2036,0.229,0.000,105640
87099.221,2049,0.400,0.029,61132
87135.065,2063,0.382,-0.030,44588
87170.825,2076,0.400,-0.029,35024
87206.588,2090,0.371,0.000,18944
87242.220,2104,0.371,0.029,16505
87278.058,2117,0.353,-0.030,4627
87313.825,2130,0.400,0.000,2316
87348.207,2145,0.485,0.000,-5342
87383.130,2162,0.471,0.000,-8013
87418.879,2180,0.514,-0.029,-1144
87454.804,2198,0.457,0.000,-7693
87490.283,2215,0.457,0.000,-8199
87526.221,2234,0.571,0.000,-6268
87562.065,2256,0.647,0.000,-3741
87597.817,2278,0.629,0.000,-9930
87633.287,2300,0.600,-0.029,-27
87667.943,2320,0.545,-0.031,-7296
87703.797,2339,0.543,0.000,-4733
87739.283,2359,0.571,0.000,-5281
87775.220,2380,0.571,0.029,-9011
87811.064,2399,0.529,-0.030,-1791
87846.822,2417,0.429,0.029,-9329
87882.583,2431,0.400,-0.029,-8359
87918.218,2446,0.429,0.000,-6528
87954.068,2460,0.353,-0.030,-2945
87989.824,2472,0.314,0.000,-8116
88025.580,2481,0.229,0.000,-1723
88061.221,2489,0.171,-0.029,-7967
88097.068,2494,0.118,0.000,-6644
88132.807,2497,0.029,0.000,-5504
88168.283,2497,-0.029,0.000,-11256
88204.221,2492,-0.229,0.000,-1950
88240.069,2481,-0.382,-0.030,-2710
88275.833,2462,-0.657,0.029,3680
88311.595,2437,-0.686,-0.029,10563
88347.226,2410,-0.857,0.000,583
88381.692,2377,-1.000,0.000,10198
88417.220,2340,-1.057,0.000,3761
88453.069,2304,-1.000,0.000,11490
88488.815,2270,-0.943,0.000,9652
88524.294,2234,-1.000,0.000,3575
88560.221,2201,-0.886,0.000,14001
88596.068,2172,-0.676,-0.030,16557
88631.824,2152,-0.514,0.000,31525
88667.579,2132,-0.571,0.000,61230
88703.219,2112,-0.514,0.000,87394
88739.066,2096,-0.382,0.000,92587
88774.812,2086,-0.229,0.000,104872
88810.290,2079,-0.200,0.000,105639
88846.220,2070,-0.286,0.000,123095
88882.061,2060,-0.265,-0.030,140055
88917.838,2053,-0.171,0.000,141455
88953.596,2048,-0.114,0.000,152128
88989.220,2046,0.000,0.029,144624
89025.068,2045,0.000,0.000,148842
89060.817,2044,-0.057,0.000,153171
89096.580,2043,-0.057,-0.029,144734
89132.226,2042,-0.029,0.000,151414
89168.069,2041,-0.029,-0.030,145095
89203.840,2040,-0.029,0.000,152725
89239.592,2039,-0.029,0.000,151820
89275.216,2038,0.029,-0.029,147740
89311.075,2038,0.029,-0.030,152690
89346.839,2038,0.000,-0.029,144609
89382.595,2038,0.000,0.000,143060
89418.218,2038,-0.029,0.029,144344
89454.074,2038,0.000,0.000,148418
89489.819,2038,0.000,0.000,141123
89525.295,2038,0.029,0.000,147588
89561.220,2038,0.000,-0.029,141035
89597.068,2038,-0.029,0.030,142671
89632.830,2038,0.000,0.000,144948
89668.578,2038,0.029,0.029,139894
89704.220,2038,0.000,0.000,147040
89740.075,2038,0.000,0.000,140454
89775.822,2038,0.000,0.000,144685
89811.289,2038,0.000,0.000,146174
89847.221,2038,0.000,-0.029,137743
89883.075,2038,0.000,0.000,147815
89918.809,2038,0.000,0.000,141566
89954.289,2038,0.000,0.000,145781
89990.219,2038,0.000,0.000,145215
90026.233,2039,0.000,0.029,137933
90062.074,2041,0.147,-0.030,130178
90097.843,2049,0.314,0.029,90949
90132.228,2062,0.441,0.030,67542
90168.061,2078,0.500,0.000,45384
90203.813,2096,0.543,0.000,29496
90239.289,2116,0.600,0.000,22615
90275.221,2140,0.743,-0.029,4355
90311.068,2168,0.882,0.030,4072
90345.225,2199,0.824,0.030,9622
90379.699,2227,0.788,-0.031,9885
90415.219,2255,0.800,0.000,-425
90449.692,2281,0.697,0.000,3465
90484.066,2304,0.667,-0.031,5280
90519.818,2327,0.657,0.000,6326
90554.186,2350,0.667,0.000,9621
90589.186,2373,0.618,0.030,8658
90624.193,2394,0.529,-0.030,4131
90659.209,2411,0.441,-0.030,8875
90694.209,2425,0.343,0.000,3198
90729.211,2437,0.382,-0.030,5855
90765.072,2453,0.441,0.000,9544
90799.228,2467,0.412,0.000,7586
90833.684,2481,0.394,0.000,2690
90868.054,2492,0.303,0.000,10928
90903.804,2502,0.257,0.029,4845
90938.186,2509,0.152,0.000,4803
90973.187,2514,0.147,-0.030,10875
91008.206,2519,0.118,0.000,7887
91043.206,2522,0.114,0.000,3449
91078.212,2526,0.088,0.000,8756
91112.699,2529,0.091,0.000,2882
91147.074,2533,0.152,-0.031,9414
91182.830,2537,0.114,0.000,5692
91217.206,2540,0.030,0.000,5448
91252.214,2541,0.059,0.030,11180
91288.066,2542,-0.029,-0.030,4832
91323.825,2542,0.000,0.000,12417
91359.290,2542,0.000,0.000,6331
91393.927,2542,0.000,0.000,9368
91428.227,2541,-0.059,0.030,7771
91464.067,2536,-0.235,0.030,4835
91499.825,2526,-0.371,0.000,11196