78536.701000,2335,0,0,8608333,2339
78569.537000,2334,0,0,8607805,2333
78602.697000,2334,0,0,8609606,2338
78635.540000,2334,0,0,8604499,2335
78668.698000,2335,0,0,8607234,2338
78701.540000,2336,0,0,8602578,2335
78734.699000,2337,0,-1,8607139,2329
78767.542000,2336,0,1,8606703,2332
78800.696000,2335,0,0,8605190,2335
78833.540000,2335,0,0,8609273,2327
78866.697000,2335,0,0,8605413,2351
78899.537000,2335,0,0,8608802,2330
78932.699000,2335,0,0,8606820,2350
78965.539000,2335,0,0,8605502,2335
78998.697000,2335,0,0,8605502,2335
79031.537000,2335,0,0,8608505,2338
79064.697000,2336,0,-1,8604000,2329
79097.539000,2336,0,0,8606139,2329
79130.697000,2335,0,1,8608290,2340
79163.539000,2335,0,0,8605379,2332
79196.697000,2335,0,0,8608175,2345
79229.541000,2335,0,0,8602907,2331
79262.697000,2335,0,0,8608620,2310
79295.537000,2333,0,0,8603824,2326
79328.699000,2332,0,0,8608191,2324
79361.541000,2329,0,1,8605556,2312
79394.699000,2325,0,1,8609491,2289
79427.540000,2320,0,1,8609907,2293
79460.697000,2312,0,1,8605793,2275
79493.539000,2305,0,1,8610480,2272
79526.698000,2304,0,1,8606826,2262
79559.539000,2304,0,0,8612713,2256
79592.691000,2282,0,5,8606489,2246
79625.539000,2274,0,1,8608655,2239
79658.696000,2267,0,1,8606157,2237
79691.540000,2258,0,1,8607715,2223
79724.696000,2248,0,1,8605156,2209
79757.539000,2238,0,1,8607846,2200
79790.699000,2228,0,1,8608603,2187
79823.537000,2218,0,1,8606369,2179
79856.699000,2211,0,1,8610433,2164
79889.537000,2201,0,1,8606723,2165
79922.697000,2189,0,1,8611136,2144
79955.537000,2179,0,1,8606849,2130
79988.697000,2168,0,1,8612404,2123
80021.537000,2161,0,1,8610264,2109
80054.696000,2149,0,1,8609011,2101
80087.539000,2141,0,1,8614170,2096
80120.697000,2134,0,1,8613901,2072
80153.537000,2127,0,1,8620209,2079
80186.697000,2115,0,1,8621132,2083
80219.541000,2108,0,1,8630668,2073
80252.697000,2105,0,1,8636306,2063
80285.540000,2099,0,1,8654060,2058
80318.697000,2093,0,1,8668572,2044
80351.537000,2089,0,1,8688174,2051
80384.696000,2086,0,1,8700473,2058
80417.537000,2084,0,0,8708874,2044
80450.697000,2085,0,0,8711706,2041
80483.538000,2084,0,1,8709109,2040
80516.697000,2081,0,1,8722511,2021
80549.537000,2080,0,0,8729257,2024
80582.697000,2076,0,1,8740214,2019
80615.538000,2073,0,0,8754790,2015
80648.697000,2072,0,0,8762227,2005
80681.619000,2069,0,0,8770030,2000
80714.612000,2067,0,0,8783242,1996
80747.618000,2066,0,0,8791438,1994
80780.617000,2064,0,0,8792801,1984
80813.618000,2062,0,0,8810609,1985
80846.617000,2060,0,0,8818807,1973
80879.618000,2058,0,1,8828705,1968
80912.619000,2055,0,0,8838888,1956
80945.617000,2053,0,0,8849942,1952
80978.619000,2050,0,1,8860062,1951
81011.618000,2049,0,0,8867608,1952
81044.620000,2049,0,0,8864704,1974
81077.618000,2050,0,0,8863211,1989
81110.617000,2050,0,0,8863690,2000
81143.619000,2050,0,0,8859289,1995
81176.617000,2050,0,0,8859146,2004
81209.617000,2049,0,0,8853576,1999
81242.617000,2050,0,0,8856680,2004
81275.619000,2050,0,0,8853686,2028
81308.618000,2050,0,0,8855169,2029
81341.619000,2052,0,0,8838515,2036
81374.619000,2054,0,0,8821730,2070
81407.617000,2065,0,0,8771683,2088
81440.618000,2075,0,-1,8718390,2114
81473.619000,2085,0,0,8669957,2127
81506.616000,2094,0,0,8631548,2143
81539.619000,2107,0,0,8606777,2150
81572.617000,2124,0,0,8592885,2178
81605.618000,2138,0,0,8606346,2191
81638.618000,2151,0,-1,8606975,2197
81671.619000,2163,0,-1,8609199,2230
81704.619000,2176,0,0,8603461,2237
81737.618000,2188,0,0,8612482,2236
81770.616000,2201,0,0,8613588,2254
81803.619000,2214,0,0,8611153,2267
81836.618000,2228,0,0,8613140,2287
81869.618000,2242,0,0,8608585,2299
81902.617000,2256,0,0,8607921,2312
81935.618000,2270,0,0,8604079,2329
81968.619000,2285,0,0,8610841,2341
82001.538000,2285,0,0,8607697,2358
82034.608000,2312,0,-2,8607494,2371
82067.619000,2328,0,0,8605657,2391
82100.618000,2343,0,0,8603191,2398
82133.619000,2357,0,0,8608583,2395
82166.618000,2370,0,-1,8606026,2437
82199.619000,2384,0,0,8609997,2424
82232.619000,2397,0,0,8605759,2440
82265.618000,2407,0,-1,8608252,2447
82298.622000,2414,0,0,8606192,2448
82331.618000,2419,0,0,8608951,2427
82364.618000,2418,0,0,8608063,2406
82397.617000,2413,0,0,8608014,2382
82430.618000,2404,0,1,8608839,2356
82463.617000,2391,0,0,8605983,2331
82496.617000,2375,0,0,8608741,2311
82529.617000,2359,0,0,8606483,2283
82562.618000,2342,0,0,8612555,2274
82595.619000,2324,0,0,8607922,2254
82628.618000,2308,0,0,8611348,2227
82661.618000,2304,0,0,8608616,2233
82694.614000,2274,0,2,8611081,2226
82727.618000,2258,0,0,8608994,2190
82760.618000,2243,0,0,8606706,2173
82793.618000,2228,0,0,8611238,2159
82826.619000,2212,0,0,8607644,2168
82859.617000,2200,0,1,8611046,2148
82892.617000,2186,0,0,8609659,2143
82925.619000,2174,0,0,8611482,2135
82958.618000,2162,0,0,8607467,2118
82991.618000,2152,0,0,8612113,2105
83024.618000,2146,0,1,8610489,2109
83057.618000,2134,0,0,8608821,2085
83090.618000,2123,0,1,8610176,2083
83123.617000,2114,0,1,8611159,2072
83156.621000,2105,0,1,8620577,2056
83189.618000,2097,0,1,8639219,2061
83222.618000,2092,0,1,8656631,2059
83255.618000,2087,0,0,8674997,2036
83288.618000,2082,0,0,8699738,2042
83321.621000,2079,0,0,8703474,2031
83354.621000,2078,0,0,8710273,2013
83387.618000,2074,0,0,8735741,2013
83420.621000,2074,0,0,8732805,2011
83453.621000,2067,0,1,8762174,1979
83486.618000,2062,0,1,8785790,1981
83519.618000,2059,0,0,8802580,1965
83552.617000,2056,0,0,8813861,1954
83585.617000,2053,0,0,8831110,1965
83618.619000,2050,0,0,8836947,1959
83651.618000,2048,0,1,8853474,1952
83684.537000,2048,0,0,8854762,1941
83717.537000,2048,0,0,8853488,1955
83750.539000,2048,0,0,8854584,1943
83783.537000,2048,0,0,8858867,1989
83816.538000,2048,0,0,8851374,1997
83849.538000,2048,0,0,8829205,2000
83882.537000,2048,0,0,8830776,2011
83915.539000,2048,0,0,8827201,2009
83948.537000,2048,0,0,8831124,2022
83981.612000,2050,0,0,8828054,2023
84014.618000,2055,0,0,8794308,2042
84047.618000,2059,0,0,8778496,2073
84080.618000,2066,0,0,8739929,2085
84113.619000,2073,0,-1,8709043,2095
84146.619000,2081,0,0,8672692,2109
84179.618000,2088,0,-1,8648911,2130
84212.620000,2094,0,-1,8620794,2134
84245.620000,2100,0,0,8610980,2085
84278.619000,2108,0,-1,8601598,2154
84311.620000,2120,0,0,8598155,2166
84344.618000,2131,0,0,8598085,2172
84377.618000,2143,0,0,8609206,2187
84410.617000,2152,0,-1,8607575,2201
84443.619000,2161,0,-1,8607282,2211
84476.618000,2173,0,0,8610274,2218
84509.618000,2183,0,0,8608328,2227
84542.620000,2192,0,-1,8610517,2232
84575.619000,2202,0,-1,8608745,2245
84608.619000,2211,0,-1,8611131,2254
84641.618000,2221,0,-1,8608716,2264
84674.619000,2231,0,0,8609237,2274
84707.618000,2240,0,-1,8604414,2289
84740.617000,2252,0,-1,8604937,2306
84773.618000,2265,0,0,8609275,2324
84806.616000,2279,0,-1,8605557,2339
84839.619000,2284,0,-1,8607818,2358
84872.611000,2308,0,-4,8607821,2365
84905.619000,2321,0,0,8608251,2359
84938.618000,2330,0,0,8607352,2369
84971.618000,2336,0,0,8608380,2361
85004.617000,2338,0,0,8605174,2340
85037.618000,2336,0,0,8605983,2317
85070.619000,2331,0,0,8610151,2292
85103.619000,2321,0,1,8609502,2268
85136.619000,2304,0,0,8611213,2248
85169.538000,2304,0,1,8606193,2222
85202.611000,2275,0,2,8608485,2203
85235.620000,2256,0,0,8605341,2190
85268.617000,2237,0,0,8608259,2159
85301.618000,2222,0,0,8605131,2154
85334.620000,2208,0,0,8607623,2142
85367.618000,2194,0,0,8608592,2133
85400.617000,2178,0,0,8608250,2124
85433.617000,2163,0,1,8611248,2111
85466.618000,2153,0,0,8607400,2109
85499.617000,2142,0,1,8610109,2099
85532.618000,2131,0,0,8608620,2089
85565.618000,2120,0,1,8613012,2082
85598.618000,2110,0,0,8615920,2059
85631.617000,2102,0,0,8630642,2052
85664.618000,2095,0,1,8647832,2042
85697.618000,2088,0,1,8676154,2040
85730.618000,2083,0,0,8698944,2030
85763.618000,2079,0,0,8712387,2026
85796.618000,2078,0,1,8726247,2022
85829.618000,2077,0,0,8723930,2027
85862.618000,2082,0,0,8703041,2004
85895.619000,2072,0,0,8736010,2008
85928.621000,2068,0,0,8776523,2009
85961.618000,2067,0,0,8767526,1996
85994.618000,2065,0,0,8780260,1996
86027.619000,2064,0,0,8785816,1992
86060.617000,2064,0,0,8785382,1984
86093.617000,2063,0,0,8788039,1970
86126.617000,2063,0,0,8793286,1967
86159.618000,2063,0,0,8805444,1960
86192.617000,2063,0,0,8814406,1964
86225.617000,2060,0,1,8833066,1947
86258.537000,2060,0,0,8850267,1946
86291.537000,2060,0,0,8867200,1950
86324.538000,2060,0,0,8858395,1969
86357.537000,2060,0,0,8859009,1983
86390.538000,2060,0,0,8852880,1997
86423.537000,2060,0,0,8848432,2001
86456.539000,2060,0,0,8839073,2017
86489.538000,2060,0,0,8824041,2024
86522.612000,2054,0,6,8820722,2033
86555.620000,2062,0,0,8778467,2050
86588.617000,2067,0,-1,8746952,2059
86621.620000,2069,0,0,8730844,2068
86654.619000,2072,0,0,8722382,2084
86687.618000,2076,0,0,8700921,2092
86720.619000,2083,0,-1,8674567,2112
86753.620000,2092,0,-1,8637796,2118
86786.620000,2097,0,-1,8615357,2131
86819.619000,2102,0,0,8613201,2134
86852.618000,2108,0,-1,8606935,2136
86885.621000,2114,0,-1,8604467,2177
86918.619000,2122,0,-1,8599326,2163
86951.620000,2129,0,-1,8606404,2159
86984.617000,2137,0,-1,8604525,2179
87017.620000,2148,0,-1,8607395,2192
87050.619000,2157,0,0,8610944,2194
87083.618000,2165,0,-1,8608482,2210
87116.620000,2177,0,0,8610464,2213
87149.620000,2188,0,-1,8608522,2221
87182.618000,2196,0,-1,8612038,2230
87215.619000,2202,0,0,8602995,2245
87248.617000,2210,0,0,8609974,2242
87281.617000,2217,0,0,8605499,2255
87314.619000,2225,0,-1,8604143,2265
87347.619000,2233,0,-1,8606765,2275
87380.620000,2243,0,-1,8605457,2292
87413.620000,2255,0,-1,8608562,2304
87446.617000,2267,0,-1,8603357,2317
87479.620000,2279,0,0,8608516,2326
87512.619000,2284,0,-1,8606282,2346
87545.538000,2284,0,0,8612246,2346
87578.609000,2311,0,-3,8608504,2357
87611.617000,2319,0,-1,8610313,2346
87644.619000,2324,0,-1,8606868,2342
87677.619000,2326,0,0,8605813,2333
87710.619000,2325,0,0,8607290,2311
87743.617000,2322,0,0,8606026,2295
87776.617000,2314,0,1,8609478,2277
87809.618000,2304,0,0,8607268,2261
87842.538000,2304,0,0,8609271,2238
87875.614000,2279,0,3,8606231,2224
87908.617000,2267,0,1,8608619,2214
87941.619000,2254,0,0,8607122,2191
87974.618000,2240,0,0,8608646,2177
88007.617000,2224,0,0,8607906,2155
88040.617000,2208,0,0,8606934,2137
88073.620000,2192,0,0,8612377,2130
88106.618000,2181,0,1,8607095,2118
88139.618000,2164,0,0,8609950,2102
88172.618000,2153,0,0,8610478,2091
88205.617000,2138,0,0,8607627,2079
88238.617000,2124,0,0,8608722,2082
88271.618000,2112,0,1,8616218,2059
88304.619000,2102,0,1,8624087,2055
88337.618000,2095,0,0,8645227,2050
88370.619000,2089,0,0,8671428,2038
88403.619000,2084,0,1,8692040,2035
88436.619000,2080,0,0,8713718,2028
88469.617000,2077,0,1,8723752,2020
88502.621000,2074,0,1,8740878,2009
88535.617000,2070,0,0,8754895,2003
88568.617000,2068,0,0,8769062,2000
88601.618000,2066,0,1,8770063,1993
88634.619000,2064,0,0,8780095,1989
88667.620000,2063,0,0,8787400,1981
88700.619000,2063,0,1,8787629,1990
88733.619000,2063,0,0,8793643,1981
88766.617000,2063,0,0,8796360,1974
88799.619000,2063,0,0,8806282,1974
88832.618000,2063,0,0,8810977,1965
88865.619000,2061,0,1,8820711,1956
88898.617000,2060,0,1,8839765,1945
88931.539000,2060,0,0,8857065,1946
88964.537000,2060,0,0,8863836,1949
88997.537000,2060,0,0,8864857,1948
89030.538000,2060,0,0,8861310,1949
89063.537000,2060,0,0,8855943,1946
89096.537000,2060,0,0,8860230,1957
89129.537000,2060,0,0,8854427,1964
89162.537000,2060,0,0,8857056,1977
89195.537000,2060,0,0,8853188,1986
89228.537000,2060,0,0,8854972,2012
89261.537000,2060,0,0,8846684,2029
89294.611000,2052,0,8,8826970,2035
89327.617000,2055,0,0,8807613,2046
89360.618000,2059,0,0,8784383,2067
89393.618000,2066,0,0,8751666,2084
89426.617000,2077,0,-1,8693048,2101
89459.619000,2084,0,-1,8666690,2113
89492.620000,2090,0,-1,8637082,2131
89525.618000,2095,0,-1,8619519,2141
89558.618000,2103,0,0,8601862,2153
89591.618000,2113,0,-1,8600543,2154
89624.620000,2122,0,-1,8598422,2164
89657.620000,2133,0,-1,8601750,2178
89690.620000,2140,0,-1,8606912,2179
89723.620000,2149,0,-1,8607628,2200
89756.622000,2160,0,0,8610242,2195
89789.618000,2169,0,-1,8603219,2209
89822.619000,2176,0,-1,8610105,2217
89855.619000,2187,0,-1,8609771,2222
89888.619000,2196,0,-1,8610976,2238
89921.619000,2204,0,-1,8609564,2249
89954.619000,2213,0,-1,8610080,2265
89987.619000,2222,0,-1,8610422,2265
90020.617000,2234,0,0,8608348,2281
90053.617000,2244,0,-1,8612475,2289
90086.618000,2252,0,-1,8608940,2289
90119.618000,2261,0,-1,8610403,2303
90152.619000,2272,0,-1,8606964,2311
90185.620000,2279,0,-1,8608765,2313
90218.618000,2283,0,-1,8605832,2302
90251.539000,2284,0,-1,8607844,2294
90284.538000,2284,0,0,8606549,2272
90317.617000,2280,0,0,8606293,2236
90350.619000,2271,0,1,8610364,2214
90383.617000,2258,0,0,8607012,2211
90416.617000,2243,0,1,8608283,2191
90449.619000,2229,0,1,8605862,2163
90482.617000,2215,0,0,8611858,2157
90515.619000,2202,0,0,8608124,2155
90548.617000,2190,0,1,8610911,2139
90581.618000,2177,0,1,8610652,2131
90614.618000,2166,0,1,8611140,2123
90647.618000,2154,0,1,8609845,2106
90680.618000,2144,0,1,8608182,2110
90713.618000,2134,0,1,8609912,2102
90746.618000,2125,0,1,8604392,2084
90779.619000,2119,0,1,8612316,2081
90812.618000,2113,0,0,8612607,2072
90845.617000,2105,0,0,8623954,2065
90878.619000,2102,0,0,8629849,2053
90911.617000,2097,0,0,8645710,2047
90944.618000,2091,0,0,8655552,2046
90977.619000,2084,0,1,8684280,2035
91010.621000,2079,0,0,8708616,2032
91043.619000,2079,0,2,8709135,2017
91076.619000,2074,0,0,8727128,2016
91109.620000,2071,0,0,8741946,2028
91142.617000,2068,0,0,8761205,2000
91175.619000,2066,0,1,8767097,2003
91208.616000,2065,0,0,8766790,2009
91241.620000,2064,0,0,8772723,1988
91274.618000,2061,0,0,8792198,1975
91307.617000,2059,0,0,8806944,1974
91340.617000,2056,0,0,8819724,1952
91373.619000,2053,0,0,8833418,1956
91406.618000,2053,0,0,8825834,1951
91439.619000,2051,0,0,8852930,1946
91472.537000,2051,0,0,8862357,1952
91505.537000,2051,0,0,8871894,1950
91538.537000,2051,0,0,8868639,1963
91571.538000,2051,0,0,8877998,1948
91604.538000,2051,0,0,8875784,1974
91637.538000,2051,0,0,8874670,1954
91670.536000,2051,0,0,8876950,1953
91703.537000,2051,0,0,8870259,1977
91736.538000,2051,0,0,8871824,1952
91769.537000,2051,0,0,8870467,1967
91802.537000,2051,0,0,8873760,1967
91835.537000,2051,0,0,8867996,1987
91868.537000,2051,0,0,8869615,2006
91901.538000,2051,0,0,8862257,2022
91934.537000,2051,0,0,8848670,2019
91967.538000,2051,0,0,8833689,2028
92000.612000,2049,0,0,8821258,2032
92033.620000,2052,0,0,8808772,2559
92066.618000,2060,0,0,8762658,2060
92099.618000,2066,0,-1,8736790,2086
92132.619000,2071,0,-1,8709500,2075
92165.620000,2074,0,0,8697217,2077
92198.618000,2084,0,-1,8658508,2092
92231.618000,2087,0,0,8643303,2111
92264.617000,2089,0,0,8639344,2108
92297.618000,2092,0,0,8632551,2117
92330.618000,2095,0,0,8624806,2121
92363.616000,2099,0,0,8614352,2155
92396.618000,2104,0,-1,8609932,2147
92429.618000,2111,0,0,8602588,2140
92462.618000,2117,0,0,8603267,2160
92495.619000,2124,0,-1,8601947,2149
92528.619000,2131,0,0,8611184,2175
92561.618000,2141,0,-1,8610624,2208
92594.620000,2154,0,-1,8610395,2208
92627.619000,2167,0,0,8611979,2218
92660.619000,2181,0,0,8609219,2226
92693.619000,2193,0,-1,8609247,2235
92726.619000,2202,0,-1,8606049,2246
92759.620000,2212,0,0,8610196,2258
92792.617000,2225,0,0,8607896,2272
92825.620000,2235,0,-1,8610450,2283
92858.622000,2244,0,-1,8607156,2276
92891.619000,2251,0,-1,8610847,2291
92924.618000,2261,0,-1,8607538,2296
92957.617000,2272,0,0,8608714,2325
92990.619000,2283,0,0,8609683,2332
93023.537000,2283,0,0,8607812,2330
93056.539000,2283,0,0,8610068,2331
93089.617000,2309,0,-5,8606192,2331
93122.619000,2312,0,0,8610010,2336
93155.618000,2313,0,-1,8607650,2312
93188.618000,2313,0,0,8608584,2309
93221.619000,2309,0,0,8605743,2269
93254.619000,2304,0,1,8607871,2246
93287.611000,2281,0,5,8605805,2214
93320.618000,2263,0,0,8604102,2193
93353.619000,2244,0,0,8609915,2178
93386.616000,2225,0,0,8607792,2157
93419.618000,2208,0,0,8610961,2135
93452.618000,2200,0,0,8608080,2130
93485.617000,2188,0,0,8611355,2124
93518.618000,2173,0,0,8607689,2106
93551.617000,2162,0,1,8610516,2096
93584.620000,2145,0,0,8607769,2081
93617.617000,2130,0,0,8606347,2077
93650.619000,2116,0,0,8610193,2062
93683.617000,2105,0,1,8619309,2060
93716.618000,2099,0,1,8630506,2046
93749.619000,2090,0,1,8659787,2032
93782.617000,2082,0,1,8693872,2031
93815.619000,2077,0,0,8712514,2029
93848.617000,2076,0,0,8725054,2027
93881.619000,2075,0,0,8728785,2022
93914.619000,2074,0,1,8735462,2013
93947.617000,2071,0,0,8743447,2013
93980.620000,2068,0,0,8752522,2008
94013.619000,2067,0,1,8762975,2001
94046.618000,2065,0,0,8769459,1992
94079.618000,2065,0,0,8772628,1984
94112.618000,2061,0,0,8784148,1976
94145.619000,2058,0,0,8808139,1976
94178.620000,2057,0,0,8814247,1966
94211.620000,2054,0,0,8821553,1969
94244.617000,2052,0,0,8832560,1951
94277.618000,2050,0,0,8843469,1950
94310.619000,2049,0,1,8851718,1950
94343.538000,2049,0,0,8858457,1947
94376.538000,2049,0,0,8866557,1941
94409.539000,2049,0,0,8866543,1946
94442.537000,2049,0,0,8872100,1942
94475.538000,2049,0,0,8870917,1946
94508.538000,2049,0,0,8875678,1950
94541.537000,2049,0,0,8870828,1963
94574.538000,2049,0,0,8870486,1988
94607.538000,2049,0,0,8869964,1983
94640.537000,2049,0,0,8867403,1994
94673.537000,2049,0,0,8867899,2007
94706.537000,2049,0,0,8847424,2022
94739.611000,2055,0,-1,8794906,2034
94772.619000,2057,0,0,8777388,2045
94805.617000,2059,0,0,8775562,2057
94838.618000,2062,0,-1,8757481,2068
94871.620000,2066,0,-1,8741709,2086
94904.617000,2070,0,-1,8715367,2076
94937.620000,2074,0,0,8696821,2080
94970.618000,2077,0,0,8690831,2093
95003.618000,2081,0,-1,8673345,2083
95036.619000,2084,0,-1,8660608,2104
95069.619000,2088,0,0,8647313,2113
95102.617000,2093,0,0,8631942,2120
95135.617000,2097,0,0,8616014,2137
95168.617000,2101,0,0,8613810,2144
95201.619000,2108,0,-1,8604534,2149
95234.620000,2118,0,-1,8598461,2148
95267.619000,2124,0,0,8603295,2158
95300.619000,2130,0,0,8608664,2155
95333.619000,2136,0,-1,8610329,2175
95366.619000,2144,0,0,8608233,2185
95399.619000,2151,0,-1,8612211,2192
95432.620000,2159,0,0,8609147,2202
95465.617000,2167,0,-1,8609884,2202
95498.620000,2174,0,0,8608110,2213
95531.619000,2183,0,-1,8611055,2227
95564.620000,2191,0,0,8608902,2238
95597.619000,2200,0,-1,8610230,2239
95630.619000,2210,0,-1,8609724,2254
95663.619000,2221,0,-1,8607128,2291
95696.619000,2236,0,0,8604617,2290
95729.618000,2247,0,-1,8605705,2297
95762.619000,2259,0,0,8609715,2322
95795.617000,2274,0,0,8608384,2335
95828.620000,2284,0,0,8611939,2340
95861.538000,2284,0,0,8606249,2344
95894.609000,2308,0,-4,8607609,2339
95927.620000,2314,0,0,8605530,2334
95960.618000,2316,0,-1,8605366,2322
95993.619000,2316,0,0,8610727,2309
96026.617000,2315,0,0,8606474,2295
96059.618000,2313,0,0,8611886,2284
96092.618000,2306,0,1,8608706,2244
96125.617000,2304,0,1,8610696,2209
96158.613000,2267,-1,1,8608497,2196
96191.620000,2243,0,0,8611023,2166
96224.618000,2221,0,0,8607718,2164
96257.619000,2208,0,0,8607354,2136
96290.618000,2191,0,0,8610562,2124
96323.619000,2172,0,0,8602094,2115
96356.617000,2155,0,0,8609777,2094
96389.618000,2140,0,0,8608712,2076
96422.616000,2126,0,1,8610910,2070
96455.619000,2114,0,1,8609996,2062
96488.616000,2103,0,0,8625337,2048
96521.617000,2094,0,1,8648065,2051
96554.616000,2083,0,1,8686261,2030
96587.621000,2081,0,0,8703080,2028
96620.618000,2078,0,0,8712352,2027
96653.616000,2076,0,0,8725914,2009
96686.619000,2073,0,0,8739816,2004
96719.619000,2072,0,1,8743069,2005
96752.617000,2070,0,0,8745107,2016
96785.618000,2068,0,0,8755538,1999
96818.620000,2067,0,0,8761542,1990
96851.618000,2063,0,1,8776482,1986
96884.618000,2061,0,0,8789112,1984
96917.617000,2060,0,0,8798747,1982
96950.617000,2059,0,0,8800825,1978
96983.619000,2058,0,0,8803154,1974
97016.619000,2054,0,0,8823081,1955
97049.617000,2051,0,0,8848211,1957
97082.538000,2051,0,0,8848938,1949
97115.537000,2051,0,0,8854497,1955
97148.538000,2051,0,0,8862840,1935
97181.537000,2051,0,0,8860813,1956
97214.538000,2051,0,0,8859052,1949
97247.537000,2051,0,0,8857903,1960
97280.538000,2051,0,0,8854878,1954
97313.537000,2051,0,0,8857202,1954
97346.537000,2051,0,0,8851871,1993
97379.538000,2051,0,0,8854918,1971
97412.538000,2051,0,0,8852015,1984
97445.538000,2051,0,0,8853747,2004
97478.537000,2051,0,0,8845410,2009
97511.538000,2051,0,0,8848358,2014
97544.538000,2051,0,0,8825469,2049
97577.612000,2054,0,0,8799404,2043
97610.618000,2057,0,-1,8786782,2065
97643.618000,2063,0,-1,8756379,2065
97676.619000,2067,0,0,8730915,2083
97709.618000,2072,0,0,8701414,2088
97742.617000,2081,0,0,8674638,2093
97775.619000,2084,0,-1,8656807,2093
97808.619000,2087,0,-1,8649258,2110
97841.619000,2090,0,0,8639021,2108
97874.619000,2095,0,0,8622066,2117
97907.619000,2098,0,0,8618023,2119
97940.618000,2100,0,0,8613702,2124
97973.620000,2104,0,0,8612281,2139
98006.619000,2108,0,0,8606683,2143
98039.618000,2114,0,-1,8601603,2151
98072.620000,2122,0,-1,8599250,2165
98105.620000,2130,0,0,8612442,2165
98138.617000,2138,0,0,8610714,2185
98171.619000,2147,0,0,8613510,2192
98204.617000,2160,0,0,8605027,2210
98237.617000,2171,0,-1,8609752,2222
98270.618000,2181,0,0,8610288,2229
98303.617000,2191,0,-1,8604771,2232
98336.620000,2201,0,-1,8608867,2242
98369.620000,2212,0,-1,8606493,2252
98402.620000,2221,0,-1,8610156,2264
98435.618000,2230,0,-1,8606520,2281
98468.620000,2239,0,-1,8610005,2282
98501.618000,2249,0,-1,8605191,2296
98534.620000,2260,0,-1,8610033,2308
98567.618000,2276,0,0,8609769,2329
98600.619000,2283,0,-1,8605827,2330
98633.539000,2283,0,0,8608307,2343
98666.608000,2307,0,-6,8607672,2363
98699.620000,2319,0,-1,8609719,2367
98732.620000,2329,0,-1,8603141,2363
98765.619000,2338,0,0,8608567,2369
98798.618000,2343,0,-1,8606611,2366
98831.618000,2345,0,0,8607503,2343
98864.618000,2343,0,1,8607109,2322
98897.617000,2335,0,1,8605502,2288
98930.619000,2322,0,1,8609189,2271
98963.617000,2308,0,1,8604358,2237
98996.619000,2304,0,0,8611498,2211
99029.612000,2270,-1,1,8606947,2197
99062.618000,2251,0,0,8611282,2177
99095.617000,2232,0,0,8608649,2163
99128.618000,2214,0,0,8610915,2145
99161.619000,2198,0,0,8609125,2139
99194.617000,2184,0,0,8612231,2123
99227.620000,2169,0,0,8608848,2114
99260.619000,2155,0,0,8608650,2100
99293.618000,2144,0,1,8611147,2099
99326.617000,2134,0,0,8609077,2081
99359.617000,2124,0,0,8612308,2077
99392.617000,2113,0,1,8612272,2065
99425.618000,2105,0,1,8628290,2059
99458.619000,2100,0,0,8633768,2051
99491.621000,2091,0,1,8661945,2032
99524.619000,2083,0,1,8690993,2027
99557.617000,2076,0,1,8720189,2012
99590.619000,2072,0,0,8744599,2006
99623.617000,2070,0,0,8752827,1999
99656.618000,2069,0,0,8756933,1997
99689.618000,2066,0,0,8766418,1985
99722.619000,2062,0,1,8789563,1983
99755.617000,2060,0,0,8798502,1977
99788.617000,2058,0,0,8810598,1969
99821.617000,2055,0,0,8821076,1967
99854.618000,2052,0,0,8832419,1949
99887.618000,2050,0,0,8849613,1948
99920.537000,2050,0,0,8862142,1951
99953.538000,2050,0,0,8866315,1946
99986.537000,2050,0,0,8863001,1951
100019.538000,2050,0,0,8868502,1951
100052.538000,2050,0,0,8866743,1959
100085.539000,2050,0,0,8866148,1968
100118.537000,2050,0,0,8862393,1978
100151.539000,2050,0,0,8865647,1983
100184.538000,2050,0,0,8861147,1999
100217.539000,2050,0,0,8855438,2017
100250.540000,2050,0,0,8844067,2035
100283.610000,2052,0,-1,8808635,2052
100316.621000,2058,0,-1,8782090,2057
100349.620000,2067,0,-1,8730739,2080
100382.619000,2073,0,0,8707334,2093
100415.619000,2080,0,-1,8671838,2109
100448.618000,2087,0,-1,8649960,2116
100481.620000,2092,0,0,8627904,2130
100514.619000,2097,0,0,8620262,2135
100547.620000,2102,0,0,8610904,2147
100580.620000,2110,0,-1,8599810,2164
100613.619000,2119,0,0,8601080,2163
100646.617000,2130,0,-1,8608915,2174
100679.619000,2141,0,0,8611617,2190
100712.621000,2153,0,-1,8602684,2210
100745.619000,2164,0,0,8610347,2214
100778.619000,2176,0,-1,8607424,2231
100811.620000,2188,0,-1,8610521,2240
100844.620000,2200,0,0,8608809,2250
100877.620000,2211,0,-1,8610967,2254
100910.623000,2222,0,-1,8609397,2277
100943.621000,2237,0,0,8606695,2283
100976.618000,2250,0,-1,8608265,2304
101009.621000,2264,0,-1,8607741,2323
101042.619000,2279,0,0,8612053,2332
101075.619000,2283,0,0,8604947,2341
101108.614000,2304,0,-21,8607521,2355
101141.619000,2315,0,-1,8606045,2357
101174.619000,2322,0,0,8607422,2355
101207.620000,2328,0,-1,8602631,2345
101240.618000,2331,0,-1,8606552,2334
101273.621000,2331,0,0,8609628,2306
101306.619000,2328,0,0,8608322,2268
101339.619000,2309,0,0,8609583,2244
101372.619000,2304,0,0,8607583,2227
101405.609000,2272,0,2,8608402,2191
101438.619000,2255,0,0,8606699,2183
101471.619000,2236,0,0,8610286,2164
101504.619000,2219,0,0,8609002,2143
101537.619000,2203,0,0,8609012,2133
101570.617000,2187,0,0,8611006,2124
101603.619000,2170,0,0,8609272,2099
101636.619000,2154,0,0,8612496,2090
101669.619000,2137,0,0,8611555,2070
101702.619000,2120,0,0,8610370,2067
101735.620000,2109,0,1,8613251,2049
101768.619000,2099,0,1,8633736,2028
101801.618000,2091,0,1,8658159,2019
101834.620000,2088,0,0,8665817,2023
101867.619000,2078,0,0,8702946,2014
101900.618000,2073,0,0,8733672,2018
101933.622000,2069,0,0,8751387,2003
101966.618000,2067,0,1,8756561,1992
101999.620000,2064,0,0,8769780,1981
102032.619000,2061,0,0,8784858,1976
102065.621000,2058,0,1,8804426,1966
102098.619000,2055,0,0,8813353,1969
102131.619000,2052,0,1,8825862,1950
102164.620000,2052,0,0,8841558,1949
102197.537000,2052,0,0,8851426,1952
102230.540000,2052,0,0,8860519,1950
102263.538000,2052,0,0,8857086,1952
102296.540000,2052,0,0,8858472,1940
102329.538000,2052,0,0,8853996,1952
102362.540000,2052,0,0,8853104,1945
102395.540000,2052,0,0,8854045,1950
102428.539000,2052,0,0,8856432,1955
102461.537000,2052,0,0,8853519,1953
102494.540000,2052,0,0,8855690,1952
102527.537000,2052,0,0,8853203,1944
102560.540000,2052,0,0,8854776,1970
102593.539000,2052,0,0,8856293,1982
102626.539000,2052,0,0,8850770,2006
102659.540000,2052,0,0,8848744,2010
102692.539000,2052,0,0,8843721,2014
102725.539000,2052,0,0,8830343,2023
102758.611000,2051,0,0,8798710,2040
102791.617000,2053,0,0,8794311,2046
102824.617000,2057,0,0,8772717,2063
102857.619000,2063,0,-1,8747643,2085
102890.619000,2070,0,-1,8712126,2102
102923.619000,2083,0,0,8654664,2114
102956.619000,2091,0,-1,8621964,2126
102989.619000,2097,0,0,8610761,2137
103022.618000,2106,0,0,8600160,2148
103055.619000,2112,0,-1,8594771,2163
103088.619000,2120,0,-1,8598528,2160
103121.620000,2129,0,-1,8607956,2174
103154.618000,2138,0,0,8608702,2191
103187.620000,2149,0,0,8608339,2192
103220.620000,2157,0,-1,8606186,2203
103253.618000,2166,0,-1,8607178,2217
103286.619000,2176,0,-1,8606818,2214
103319.619000,2185,0,-1,8606750,2224
103352.620000,2194,0,-1,8609780,2238
103385.618000,2204,0,-1,8610058,2248
103418.617000,2213,0,-1,8606647,2252
103451.619000,2226,0,0,8606586,2268
103484.619000,2237,0,-1,8604633,2293
103517.620000,2251,0,0,8605430,2300
103550.619000,2265,0,-1,8605676,2316
103583.620000,2275,0,-1,8605369,2329
103616.620000,2284,0,-1,8608663,2318
103649.539000,2284,0,0,8603684,2332
103682.538000,2284,0,0,8608412,2338
103715.610000,2306,0,-10,8609584,2336
103748.622000,2308,0,0,8611611,2341
103781.620000,2317,0,-1,8604544,2358
103814.619000,2324,0,-1,8609734,2353
103847.619000,2329,0,0,8608405,2359
103880.620000,2333,0,-1,8609333,2348
103913.619000,2333,0,0,8608722,2331
103946.620000,2332,0,1,8608265,2305
103979.619000,2324,0,0,8610139,2276
104012.620000,2309,0,0,8607041,2253
104045.619000,2304,0,1,8611333,2230
104078.608000,2280,0,3,8608074,2218
104111.618000,2263,0,0,8611464,2191
104144.620000,2244,0,0,8611586,2165
104177.617000,2223,0,0,8609694,2145
104210.620000,2204,0,0,8609302,2133
104243.619000,2186,0,0,8609270,2117
104276.620000,2169,0,0,8612154,2096
104309.621000,2152,0,0,8610823,2090
104342.618000,2136,0,0,8612506,2081
104375.618000,2120,0,0,8609085,2061
104408.620000,2108,0,0,8617258,2052
104441.619000,2098,0,1,8630705,2043
104474.619000,2093,0,1,8654416,2033
104507.620000,2089,0,0,8663837,2033
104540.619000,2083,0,0,8685508,2030
104573.622000,2077,0,0,8708589,2021
104606.619000,2074,0,1,8728083,2017
104639.618000,2071,0,0,8740816,2012
104672.618000,2068,0,0,8745363,2011
104705.622000,2068,0,0,8746589,2005
104738.618000,2066,0,0,8754471,2003
104771.619000,2064,0,0,8767740,1994
104804.618000,2063,0,0,8769923,1988
104837.622000,2062,0,0,8776531,1984
104870.618000,2062,0,0,8782422,1981
104903.619000,2061,0,0,8785463,1975
104936.619000,2059,0,0,8796722,1973
104969.617000,2057,0,0,8803372,1972
105002.618000,2055,0,0,8816765,1965
105035.619000,2052,0,0,8824239,1956
105068.618000,2051,0,1,8837385,1955
105101.540000,2051,0,0,8837690,1950
105134.539000,2051,0,0,8843986,1956
105167.538000,2051,0,0,8844712,1949
105200.539000,2051,0,0,8842358,1951
105233.538000,2051,0,0,8848385,1948
105266.539000,2051,0,0,8846222,1956
105299.538000,2051,0,0,8849077,1962
105332.539000,2051,0,0,8840309,1980
105365.539000,2051,0,0,8841504,1996
105398.538000,2051,0,0,8839432,2007
105431.540000,2051,0,0,8836849,2011
105464.539000,2051,0,0,8835200,2009
105497.541000,2051,0,0,8834854,2013
105530.539000,2051,0,0,8833627,2018
105563.540000,2051,0,0,8829632,2018
105596.538000,2051,0,0,8824436,2039
105629.608000,2052,0,0,8800173,2052
105662.620000,2059,0,0,8770327,2061
105695.619000,2066,0,-1,8718753,2094
105728.619000,2072,0,0,8696391,2097
105761.620000,2081,0,-1,8663591,2116
105794.620000,2088,0,-1,8634576,2117
105827.620000,2095,0,-1,8612298,2140
105860.622000,2102,0,-1,8602519,2146
105893.620000,2109,0,-1,8599128,2150
105926.617000,2118,0,0,8595678,2167
105959.620000,2128,0,0,8612766,2167
105992.617000,2137,0,-1,8608933,2190
106025.620000,2148,0,-1,8608816,2203
106058.619000,2159,0,-1,8607583,2218
106091.619000,2172,0,-1,8609597,2228
106124.621000,2186,0,0,8607875,2247
106157.621000,2201,0,0,8608341,2259
106190.620000,2215,0,0,8609823,2276
106223.618000,2230,0,0,8607079,2287
106256.617000,2244,0,0,8607039,2304
106289.620000,2258,0,0,8605214,2316
106322.620000,2271,0,-1,8607776,2335
106355.620000,2283,0,-1,8606281,2338
106388.539000,2283,0,0,8610083,2354
106421.614000,2308,0,-4,8609311,2371
106454.622000,2320,0,-1,8609641,2359
106487.618000,2330,0,-1,8609060,2376
106520.620000,2339,0,-1,8607002,2376
106553.618000,2348,0,-1,8611125,2386
106586.620000,2355,0,0,8607851,2385
106619.618000,2360,0,-1,8611151,2378
106652.619000,2363,0,-1,8611477,2360
106685.618000,2359,0,0,8612622,2314
106718.620000,2346,0,0,8608165,2272
106751.620000,2326,0,0,8613002,2237
106784.619000,2304,0,0,8607922,2243
106817.611000,2280,0,2,8609646,2191
106850.618000,2258,0,0,8613812,2165
106883.622000,2231,0,0,8611726,2155
106916.618000,2210,0,0,8612510,2129
106949.618000,2191,0,0,8611293,2111
106982.620000,2173,0,0,8614112,2111
107015.618000,2155,0,0,8611901,2092
107048.620000,2138,0,0,8616050,2097
107081.619000,2124,0,0,8612995,2070
107114.620000,2109,0,0,8615499,2052
107147.618000,2100,0,1,8631242,2054
107180.618000,2090,0,1,8660329,2034
107213.619000,2084,0,0,8681147,2027
107246.620000,2081,0,0,8693103,2035
107279.617000,2078,0,1,8705276,2020
107312.619000,2072,0,1,8732481,1997
107345.620000,2068,0,0,8754469,2017
107378.617000,2065,0,1,8761627,1995
107411.618000,2065,0,0,8765047,1994
107444.619000,2062,0,0,8775762,1986
107477.619000,2060,0,1,8794506,1979
107510.619000,2059,0,0,8793261,1969
107543.618000,2058,0,0,8793864,1972
107576.618000,2053,0,0,8818169,1960
107609.619000,2053,0,0,8827135,1950
107642.539000,2053,0,0,8838673,1960
107675.539000,2053,0,0,8844347,1933
107708.539000,2053,0,0,8845672,1946
107741.540000,2053,0,0,8850395,1956
107774.538000,2053,0,0,8850603,1967
107807.539000,2053,0,0,8851362,1950
107840.539000,2053,0,0,8848079,1965
107873.539000,2053,0,0,8846813,1965
107906.541000,2053,0,0,8842809,1982
107939.539000,2053,0,0,8842096,1996
107972.539000,2053,0,0,8826909,1992
108005.540000,2053,0,0,8833979,2015
108038.540000,2053,0,0,8824738,2027
108071.610000,2051,0,1,8805553,2059
108104.619000,2058,0,-1,8773069,2068
108137.620000,2067,0,-1,8730488,2091
108170.619000,2075,0,-1,8690453,2108
108203.618000,2085,0,-1,8648549,2131
108236.618000,2093,0,-1,8620234,2139
108269.618000,2100,0,-1,8607618,2154
108302.618000,2109,0,-1,8601534,2152
108335.620000,2119,0,-1,8594626,2166
108368.619000,2129,0,0,8609851,2167
108401.620000,2135,0,-1,8612490,2170
108434.623000,2142,0,-1,8610664,2192
108467.619000,2150,0,-1,8613677,2196
108500.619000,2161,0,0,8611013,2209
108533.618000,2173,0,-1,8614637,2217
108566.621000,2184,0,0,8609625,2224
108599.620000,2196,0,-1,8614235,2241
108632.619000,2205,0,0,8612054,2245
108665.618000,2213,0,-1,8610972,2259
108698.619000,2223,0,-1,8606821,2276
108731.620000,2235,0,-1,8611194,2287
108764.617000,2248,0,0,8608839,2304
108797.619000,2261,0,0,8612532,2322
108830.620000,2274,0,0,8614393,2327
108863.620000,2283,0,-1,8613141,2334
108896.539000,2283,0,0,8614528,2341
108929.609000,2308,0,-5,8610315,2354
108962.619000,2318,0,-1,8612343,2364
108995.619000,2327,0,-1,8608832,2369
109028.619000,2335,0,0,8613410,2374
109061.619000,2343,0,0,8608048,2370
109094.618000,2350,0,-1,8613794,2378
109127.620000,2354,0,0,8611659,2364
109160.618000,2353,0,0,8612809,2337
109193.618000,2347,0,0,8616315,2283
109226.618000,2330,0,0,8610026,2268
109259.619000,2311,0,0,8612657,2243
109292.619000,2304,0,0,8612060,2219
109325.611000,2272,0,1,8609412,2187
109358.619000,2248,0,0,8610473,2170
109391.617000,2226,0,0,8614393,2141
109424.619000,2207,0,0,8613149,2136
109457.620000,2189,0,0,8613842,2113
109490.617000,2170,0,0,8615309,2093
109523.618000,2153,0,0,8613265,2088
109556.619000,2136,0,0,8618042,2076
109589.618000,2118,0,0,8614635,2058
109622.621000,2104,0,0,8627078,2051
109655.619000,2094,0,1,8650253,2031
109688.619000,2084,0,0,8687738,2027
109721.620000,2079,0,0,8705790,2018
109754.617000,2074,0,0,8729217,2008
109787.622000,2069,0,0,8753007,2001
109820.621000,2067,0,0,8759105,1984
109853.619000,2065,0,0,8767449,1995
109886.618000,2063,0,1,8772918,1988
109919.620000,2062,0,0,8784747,1982
109952.620000,2061,0,1,8789880,1976
109985.619000,2059,0,1,8800247,1975
110018.619000,2057,0,0,8807323,1961
110051.619000,2054,0,1,8827191,1956
110084.618000,2052,0,1,8839077,1946
110117.539000,2052,0,0,8851552,1946
110150.539000,2052,0,0,8861523,1950
110183.540000,2052,0,0,8856904,1947
110216.539000,2052,0,0,8859457,1948
110249.540000,2052,0,0,8857112,1944
110282.538000,2052,0,0,8860814,1951
110315.537000,2052,0,0,8857906,1961
110348.538000,2052,0,0,8857783,1974
110381.539000,2052,0,0,8855154,1997
110414.537000,2052,0,0,8852272,2012
110447.539000,2052,0,0,8829785,2036
110480.611000,2056,0,-1,8791582,2052
110513.619000,2063,0,-1,8754877,2073
110546.620000,2070,0,0,8716716,2170
110579.619000,2078,0,0,8677285,2100
110612.619000,2085,0,0,8649490,2104
110645.620000,2090,0,0,8637456,2118
110678.619000,2095,0,0,8621363,2132
110711.620000,2101,0,0,8610913,2159
110744.617000,2111,0,-1,8597531,2168
110777.621000,2125,0,0,8604286,2196
110810.620000,2140,0,0,8616941,2207
110843.619000,2155,0,0,8613100,2226
110876.617000,2173,0,0,8615591,2241
110909.617000,2189,0,0,8614668,2232
110942.619000,2202,0,-1,8616925,2263
110975.620000,2215,0,0,8614598,2255
111008.619000,2224,0,-1,8616669,2272
111041.620000,2235,0,-1,8614782,2285
111074.618000,2246,0,-1,8614081,2312
111107.619000,2259,0,0,8614039,2302
111140.619000,2270,0,-1,8614801,2323
111173.621000,2282,0,0,8614595,2337
111206.540000,2282,0,-1,8610325,2346
111239.608000,2308,0,-5,8612523,2351
111272.619000,2319,0,-1,8608998,2360
111305.619000,2327,0,-1,8606656,2361
111338.619000,2334,0,-1,8611103,2380
111371.618000,2343,0,0,8610866,2389
111404.619000,2353,0,-1,8614630,2380
111437.620000,2360,0,-1,8610628,2376
111470.620000,2362,0,0,8614030,2365
111503.618000,2360,0,0,8612941,2354
111536.618000,2356,0,0,8610774,2324
111569.619000,2346,0,1,8614714,2295
111602.618000,2328,0,0,8612528,2247
111635.620000,2308,0,0,8614418,2238
111668.618000,2304,0,0,8614188,2215
111701.613000,2272,0,1,8609679,2204
111734.620000,2254,0,0,8612769,2178
111767.617000,2233,0,0,8610317,2153
111800.620000,2212,0,0,8614188,2135
111833.619000,2195,0,0,8613224,2115
111866.619000,2176,0,0,8614905,2098
111899.618000,2158,0,0,8614084,2086
111932.617000,2142,0,0,8616704,2077
111965.618000,2125,0,0,8613061,2065
111998.619000,2111,0,0,8616432,2046
112031.619000,2100,0,0,8636949,2047
112064.618000,2090,0,1,8663035,2025
112097.619000,2082,0,0,8697394,2027
112130.619000,2078,0,0,8708593,2022
112163.619000,2075,0,1,8729586,2011
112196.619000,2073,0,1,8729492,2008
112229.619000,2069,0,0,8750384,2004
112262.618000,2067,0,0,8757016,2001
112295.621000,2065,0,0,8767424,1987
112328.621000,2062,0,1,8779123,1986
112361.619000,2060,0,0,8788192,1981
112394.618000,2059,0,0,8800034,1976
112427.617000,2057,0,1,8804448,1962
112460.621000,2055,0,0,8820940,1964
112493.620000,2052,0,0,8824636,1960
112526.619000,2051,0,0,8836264,1959
112559.539000,2051,0,0,8844174,1945
112592.538000,2051,0,0,8850358,1945
112625.538000,2051,0,0,8850735,1950
112658.540000,2051,0,0,8853219,1951
112691.540000,2051,0,0,8850273,1944
112724.538000,2051,0,0,8848074,1956
112757.539000,2051,0,0,8852191,1949
112790.539000,2051,0,0,8851428,1966
112823.540000,2051,0,0,8853376,2700
112856.540000,2051,0,0,8830994,1988
112889.538000,2051,0,0,8826753,2001
112922.538000,2051,0,0,8827020,2008
112955.540000,2051,0,0,8822070,2027
112988.611000,2050,0,1,8815077,2038
113021.618000,2055,0,0,8784820,2056
113054.620000,2060,0,0,8762169,2068
113087.619000,2065,0,-1,8733750,2077
113120.619000,2071,0,0,8709130,2089
113153.618000,2076,0,-1,8683376,2093
113186.618000,2083,0,0,8661720,2110
113219.619000,2088,0,0,8636127,2126
113252.619000,2094,0,0,8624689,2135
113285.620000,2100,0,0,8614553,2160
113318.619000,2110,0,-1,8599116,2164
113351.619000,2122,0,0,8603106,2183
113384.619000,2135,0,-1,8612527,2243
113417.619000,2148,0,-1,8618150,2208
113450.621000,2165,0,0,8617162,2214
113483.620000,2175,0,-1,8620028,2218
113516.620000,2185,0,-1,8616541,2237
113549.619000,2197,0,-1,8617176,2251
113582.617000,2209,0,0,8616019,2264
113615.620000,2222,0,-1,8615623,2269
113648.618000,2234,0,0,8614611,2287
113681.619000,2247,0,0,8613048,2309
113714.619000,2262,0,0,8614139,2327
113747.619000,2277,0,0,8612577,2350
113780.618000,2283,0,-1,8615153,2355
113813.611000,2308,0,-5,8612407,2368
113846.619000,2323,0,0,8616888,2376
113879.619000,2334,0,0,8613529,2365
113912.622000,2343,0,-1,8617951,2384
113945.693000,2351,0,-1,8615790,2384
113978.619000,2357,0,-1,8615832,2385
114011.701000,2361,0,-1,8616249,2390
114044.540000,2365,0,0,8613149,2387
114077.696000,2368,0,-1,8613330,2378
114110.699000,2368,0,0,8615455,2366
114143.691000,2364,0,1,8618235,2338
114176.538000,2355,0,1,8616613,2296
114209.699000,2336,0,1,8613156,2272
114242.539000,2317,0,1,8613401,2250
114275.700000,2304,0,1,8613692,2226
114308.691000,2278,0,3,8614360,2203
114341.539000,2264,0,1,8615854,2200
114374.699000,2247,0,1,8616910,2192
114407.539000,2231,0,1,8613231,2164
114440.698000,2213,0,1,8619927,2151
114473.539000,2198,0,1,8617766,2133
114506.699000,2181,0,1,8612955,2145
114539.541000,2166,0,1,8611768,2111
114572.697000,2151,0,1,8616001,2089
114605.541000,2135,0,1,8613161,2077
114638.699000,2117,0,1,8614661,2058
114671.540000,2105,0,1,8622562,2048
114704.697000,2095,0,1,8643435,2024
114737.539000,2084,0,1,8688686,2022
114770.698000,2076,0,1,8719029,2009
114803.540000,2071,0,1,8746077,2005
114836.698000,2068,0,1,8757874,1992
114869.539000,2066,0,1,8770946,1992
114902.699000,2063,0,1,8778752,1988
114935.539000,2063,0,0,8784786,1977
114968.698000,2058,0,1,8798211,1960
115001.539000,2054,0,1,8818592,1961
115034.699000,2052,0,1,8833851,1950
115067.619000,2052,0,0,8835473,1954
115100.540000,2052,0,0,8840904,1949
115133.538000,2052,0,0,8844707,1946
115166.538000,2052,0,0,8857863,1950
115199.538000,2052,0,0,8856471,1948
115232.540000,2052,0,0,8853971,1944
115265.538000,2052,0,0,8853014,1942
115298.539000,2052,0,0,8851559,1949
115331.538000,2052,0,0,8851416,1950
115364.538000,2052,0,0,8845883,1967
115397.540000,2052,0,0,8849348,1979
115430.542000,2052,0,0,8846237,1985
115463.539000,2052,0,0,8848150,1995
115496.539000,2052,0,0,8836004,2004
115529.540000,2052,0,0,8830532,2014
115562.538000,2052,0,0,8828163,2019
115595.538000,2052,0,0,8818614,2043
115628.691000,2056,0,0,8785335,2041
115661.541000,2059,0,-1,8766820,2049
115694.700000,2065,0,-1,8747624,2069
115727.541000,2072,0,-1,8709486,2099
115760.699000,2083,0,-1,8666041,2137
115793.541000,2093,0,-1,8622615,2140
115826.699000,2103,0,-1,8607650,2149
115859.539000,2112,0,-1,8598595,2167
115892.699000,2124,0,-1,8611446,2167
115925.619000,2136,0,-1,8614797,2171
115958.620000,2143,0,0,8608398,2182
115991.619000,2151,0,-1,8614142,2187
116024.620000,2161,0,-1,8610239,2224
116057.619000,2175,0,0,8613658,2220
116090.619000,2189,0,0,8613790,2253
116123.619000,2205,0,0,8613926,2257
116156.620000,2219,0,0,8611114,2281
116189.617000,2235,0,0,8614407,2290
116222.620000,2251,0,0,8610159,2319
116255.620000,2268,0,0,8611601,2325
116288.620000,2282,0,0,8613040,2326
116321.619000,2283,0,-1,8609354,2350
116354.610000,2308,0,-4,8609237,2364
116387.619000,2323,0,0,8610959,2393
116420.620000,2338,0,0,8614556,2400
116453.619000,2351,0,-1,8611110,2410
116486.620000,2362,0,-1,8612950,2392
116519.619000,2373,0,-1,8611388,2416
116552.619000,2378,0,0,8612871,2393
116585.619000,2381,0,0,8609188,2406
116618.618000,2381,0,0,8611882,2374
116651.619000,2373,0,0,8614003,2336
116684.618000,2358,0,0,8611147,2290
116717.619000,2338,0,0,8613651,2248
116750.622000,2315,0,0,8608367,2227
116783.619000,2304,0,0,8612226,2208
116816.609000,2272,0,1,8608419,2182
116849.619000,2251,0,0,8609385,2148
116882.619000,2225,0,0,8609590,2138
116915.618000,2203,0,0,8611805,2124
116948.619000,2184,0,0,8612188,2106
116981.619000,2162,0,0,8609203,2103
117014.622000,2144,0,0,8616645,2072
117047.619000,2125,0,0,8612325,2052
117080.620000,2108,0,0,8618522,2045
117113.619000,2097,0,0,8642417,2012
117146.619000,2086,0,1,8676713,2016
117179.620000,2076,0,1,8715081,1985
117212.618000,2072,0,0,8744364,1989
117245.618000,2067,0,0,8751154,1983
117278.619000,2059,0,1,8793716,1960
117311.622000,2056,0,0,8808714,1964
117344.622000,2052,0,0,8827392,1937
117377.619000,2050,0,1,8849077,1939
117410.540000,2050,0,0,8860855,1941
117443.539000,2050,0,0,8865887,1949
117476.540000,2050,0,0,8860772,1947
117509.538000,2050,0,0,8864277,1938
117542.540000,2050,0,0,8862644,1947
117575.539000,2050,0,0,8863911,1942
117608.538000,2050,0,0,8865827,1947
117641.538000,2050,0,0,8860232,1951
117674.539000,2050,0,0,8882859,1949
117707.540000,2050,0,0,8877883,1957
117740.539000,2050,0,0,8882434,1959
117773.542000,2050,0,0,8877942,1958
117806.540000,2050,0,0,8879693,1971
117839.540000,2050,0,0,8867115,1990
117872.539000,2050,0,0,8866203,2010
117905.538000,2050,0,0,8859040,2008
117938.539000,2050,0,0,8846827,2030
117971.539000,2050,0,0,8828012,2035
118004.612000,2052,0,0,8792149,2055
118037.620000,2058,0,0,8766977,2074
118070.618000,2065,0,-1,8734045,2073
118103.620000,2070,0,0,8709962,2082
118136.619000,2077,0,-1,8680114,2093
118169.619000,2084,0,0,8659557,2112
118202.619000,2089,0,0,8635124,2137
118235.618000,2097,0,-1,8617947,2157
118268.618000,2107,0,-1,8611706,2162
118301.619000,2120,0,0,8592562,2183
118334.620000,2133,0,-1,8607843,2185
118367.619000,2145,0,-1,8609572,2197
118400.620000,2155,0,-1,8612620,2204
118433.619000,2168,0,0,8611170,2219
118466.618000,2180,0,-1,8614906,2226
118499.619000,2193,0,-1,8610590,2249
118532.619000,2206,0,0,8614353,2249
118565.619000,2217,0,-1,8614178,2263
118598.622000,2228,0,-1,8609911,2267
118631.619000,2237,0,-1,8614452,2291
118664.619000,2250,0,-1,8611830,2308
118697.619000,2264,0,0,8611226,2333
118730.619000,2277,0,-1,8606399,2339
118763.620000,2284,0,-1,8611197,2337
118796.539000,2284,0,0,8609194,2352
118829.612000,2304,0,-20,8613122,2340
118862.619000,2312,0,-1,8609691,2361
118895.619000,2321,0,-1,8610168,2358
118928.620000,2329,0,0,8609431,2363
118961.622000,2334,0,0,8606815,2345
118994.619000,2334,0,0,8613482,2317
119027.619000,2328,0,1,8611957,2270
119060.619000,2308,0,0,8609551,2244
119093.619000,2304,0,0,8609728,2228
119126.610000,2274,0,1,8612634,2201
119159.618000,2255,0,0,8610490,2193
119192.619000,2237,0,0,8613796,2167
119225.620000,2219,0,0,8610135,2150
119258.619000,2202,0,0,8612850,2136
119291.618000,2185,0,0,8616843,2120
119324.618000,2168,0,0,8612421,2088
119357.619000,2152,0,0,8614967,2084
119390.619000,2136,0,0,8612194,2074
119423.620000,2122,0,1,8613398,2067
119456.618000,2108,0,0,8619120,2056
119489.619000,2098,0,1,8639567,2043
119522.621000,2089,0,0,8667907,2036
119555.619000,2082,0,1,8693842,2029
119588.618000,2080,0,0,8704214,2028
119621.619000,2078,0,0,8706089,2009
119654.618000,2074,0,0,8734818,2012
119687.617000,2073,0,1,8736303,2006
119720.618000,2067,0,1,8758251,1996
119753.621000,2065,0,0,8769461,1993
119786.620000,2064,0,1,8773857,1983
119819.619000,2060,0,0,8794092,1981
119852.619000,2057,0,0,8810241,1977
119885.620000,2054,0,0,8817813,1959
119918.619000,2054,0,0,8823489,1947
119951.620000,2051,0,0,8845006,1963
119984.539000,2051,0,0,8860981,1946
120017.539000,2051,0,0,8865364,1952
120050.540000,2051,0,0,8858748,1948
120083.540000,2051,0,0,8861038,1954
120116.539000,2051,0,0,8854808,1947
120149.540000,2051,0,0,8856841,1954
120182.539000,2051,0,0,8856573,1952
120215.538000,2051,0,0,8853850,1950
120248.538000,2051,0,0,8852085,1967
120281.539000,2051,0,0,8858376,1960
120314.538000,2051,0,0,8854666,1972
120347.538000,2051,0,0,8848943,1973
120380.538000,2051,0,0,8855643,1995
120413.539000,2051,0,0,8837601,2014
120446.609000,2050,0,0,8811551,2032
120479.620000,2052,0,0,8796361,2057
120512.619000,2056,0,0,8781384,2052
120545.618000,2060,0,0,8758751,2051
120578.619000,2065,0,-1,8743376,2062
120611.618000,2070,0,0,8711784,2072
120644.620000,2072,0,0,8702600,2078
120677.619000,2076,0,0,8691863,2085
120710.622000,2083,0,0,8663009,2104
120743.620000,2088,0,0,8635478,2115
120776.618000,2094,0,0,8624054,2136
120809.619000,2099,0,-1,8615172,2147
120842.620000,2107,0,-1,8605944,2166
120875.619000,2118,0,-1,8596083,2166
120908.620000,2131,0,0,8612990,2186
120941.619000,2144,0,0,8612753,2203
120974.619000,2157,0,-1,8611387,2217
121007.619000,2172,0,0,8613067,2236
121040.619000,2188,0,0,8612332,2247
121073.619000,2202,0,0,8613445,2261
121106.619000,2216,0,0,8613123,2274
121139.619000,2230,0,0,8614677,2289
121172.619000,2244,0,0,8614389,2300
121205.619000,2257,0,0,8610826,2324
121238.618000,2273,0,0,8607803,2331
121271.619000,2283,0,0,8613340,2358
121304.612000,2307,0,-5,8608372,2374
121337.621000,2324,0,0,8612345,2382
121370.619000,2338,0,0,8611713,2393
121403.619000,2350,0,-1,8613057,2378
121436.619000,2357,0,0,8612810,2384
121469.618000,2359,0,-1,8610317,2360
121502.619000,2357,0,0,8613246,2328
121535.617000,2345,0,0,8613314,2284
121568.618000,2327,0,0,8617138,2251
121601.619000,2304,0,0,8611167,2224
121634.609000,2283,0,6,8615290,2196
121667.621000,2262,0,0,8612683,2172
121700.620000,2236,0,0,8615566,2157
121733.620000,2215,0,0,8612319,2151
121766.619000,2197,0,0,8615083,2130
121799.619000,2181,0,0,8618020,2117
121832.618000,2163,0,0,8615728,2096
121865.479000,2151,0,1,8616338,2102
121898.617000,2137,0,0,8617092,2081
121931.619000,2123,0,0,8621620,2069
121964.622000,2109,0,0,8620613,2058
121997.619000,2101,0,0,8638295,2054
122030.481000,2093,0,1,8651911,2045
122063.613000,2087,0,1,8676326,2036
122096.619000,2081,0,0,8696949,2027
122129.619000,2077,0,0,8710585,2021
122162.618000,2074,0,0,8730512,2028
122195.481000,2072,0,0,8739137,2017
122228.307000,2072,0,2,8743246,2015
122261.620000,2070,0,0,8739560,2002
122294.619000,2067,0,0,8748439,1999
122327.619000,2064,0,0,8755538,2000
122360.479000,2062,0,0,8773747,2014
122393.615000,2061,0,0,8780185,1983
122426.621000,2059,0,0,8789676,1974
122459.618000,2056,0,1,8806803,1968
122492.621000,2054,0,0,8820388,1971
122525.480000,2052,0,0,8826548,1961
122558.613000,2050,0,1,8830042,1957
122591.618000,2049,0,0,8844892,1949
122624.538000,2049,0,0,8854930,1953
122657.539000,2049,0,0,8865283,1952
122690.399000,2049,0,0,8865369,1955
122723.231000,2049,0,0,8865032,1947
122756.286000,2049,0,0,8867628,1949
122789.540000,2049,0,0,8867238,1948
122822.539000,2049,0,0,8868994,1946
122855.401000,2049,0,0,8865077,1946
122888.237000,2049,0,0,8866399,1948
122921.292000,2049,0,0,8864647,1960
122954.539000,2049,0,0,8873591,1978
122987.539000,2049,0,0,8869600,1985
123020.399000,2049,0,0,8871375,2009
123053.232000,2049,0,0,8864636,1999
123086.290000,2049,0,0,8856975,2000
123119.540000,2049,0,0,8837949,2043
123152.612000,2056,0,0,8799509,2056
123185.481000,2066,0,0,8732393,2077
123218.615000,2069,0,0,8711273,2077
123251.620000,2074,0,0,8700354,2092
123284.619000,2078,0,-1,8681911,2103
123317.619000,2083,0,0,8662663,2113
123350.479000,2088,0,0,8645272,2113
123383.614000,2093,0,-1,8634609,2131
123416.619000,2097,0,0,8621312,2146
123449.619000,2105,0,0,8612411,2152
123482.617000,2114,0,-1,8606236,2172
123515.480000,2128,0,0,8612740,2192
123548.611000,2144,0,0,8618895,2210
123581.620000,2159,0,0,8616850,2220
123614.619000,2176,0,0,8619723,2227
123647.617000,2190,0,0,8615538,2247
123680.481000,2204,0,0,8618275,2259
123713.618000,2217,0,-1,8614244,2270
123746.622000,2229,0,-1,8617189,2279
123779.619000,2242,0,0,8617095,2308
123812.619000,2257,0,0,8614099,2328
123845.481000,2273,0,0,8616919,2339
123878.613000,2283,0,0,8613089,2354
123911.614000,2305,0,-20,8616490,2367
123944.620000,2318,0,-1,8612562,2368
123977.619000,2329,0,0,8615423,2361
124010.480000,2336,0,0,8612523,2364
124043.611000,2341,0,0,8616548,2364
124076.621000,2344,0,0,8615273,2340
124109.619000,2340,0,0,8615111,2302
124142.619000,2328,0,1,8616965,2272
124175.481000,2310,0,0,8615558,2237
124208.617000,2304,0,0,8611355,2203
124241.618000,2265,-1,1,8612213,2175
124274.622000,2240,0,0,8615426,2157
124307.617000,2215,0,0,8610652,2131
124340.481000,2195,0,0,8615143,2120
124373.613000,2175,0,0,8616133,2104
124406.619000,2156,0,0,8616898,2081
124439.619000,2137,0,0,8616240,2074
124472.620000,2122,0,0,8617557,2062
124505.481000,2108,0,0,8622175,2049
124538.610000,2098,0,1,8642407,2035
124571.619000,2090,0,1,8661298,2020
124604.618000,2079,0,1,8700301,1994
124637.618000,2072,0,1,8736042,2005
124670.478000,2068,0,1,8749420,2004
124703.306000,2066,0,1,8760962,2011
124736.617000,2065,0,0,8771407,1979
124769.622000,2064,0,0,8766139,1973
124802.620000,2060,0,0,8793350,1975
124835.479000,2054,0,0,8819586,1964
124868.613000,2051,0,0,8837344,1961
124901.621000,2051,0,0,8841897,1949
124934.538000,2051,0,0,8857385,1949
124967.539000,2051,0,0,8856756,1949
125000.399000,2051,0,0,8867622,1948
125033.231000,2051,0,0,8864520,1952
125066.288000,2051,0,0,8865588,1950
125099.540000,2051,0,0,8864935,1952
125132.539000,2051,0,0,8862092,1951
125165.399000,2051,0,0,8862176,1941
125198.227000,2051,0,0,8862613,1956
125231.276000,2051,0,0,8860205,1969
125264.538000,2051,0,0,8855464,1978
125297.540000,2051,0,0,8859535,2017
125330.400000,2051,0,0,8853170,2008
125363.233000,2051,0,0,8850617,2012
125396.291000,2051,0,0,8836725,2039
125429.611000,2056,0,0,8785621,2064
125462.619000,2065,0,0,8743893,2084
125495.480000,2075,0,0,8694419,2119
125528.607000,2087,0,0,8646327,2146
125561.619000,2096,0,-1,8611962,2177
125594.619000,2115,0,0,8594699,2198
125627.617000,2137,0,0,8618856,2202
125660.479000,2151,0,0,8616238,2206
125693.616000,2166,0,0,8614864,2221
125726.621000,2178,0,-1,8613840,2224
125759.619000,2189,0,-1,8615236,2252
125792.618000,2204,0,0,8614113,2271
125825.479000,2221,0,-1,8616309,2303
125858.612000,2244,0,0,8615333,2320
125891.619000,2264,0,0,8617973,2351
125924.618000,2283,0,0,8615040,2347
125957.537000,2283,0,0,8616060,2360
125990.480000,2319,1,-2,8613181,2373
126023.619000,2334,0,0,8616198,2384
126056.621000,2347,0,0,8614156,2401
126089.619000,2357,0,-1,8613568,2390
126122.620000,2362,0,-1,8616485,2365
126155.479000,2364,0,0,8613707,2362
126188.615000,2362,0,0,8616518,2340
126221.622000,2355,0,1,8613430,2307
126254.619000,2341,0,1,8615777,2295
126287.619000,2327,0,0,8615490,2256
126320.480000,2304,0,0,8609551,2235
126353.533000,2304,0,0,8612838,2222
126386.619000,2271,-1,1,8616457,2192
126419.618000,2253,0,0,8618148,2157
126452.619000,2230,0,0,8615797,2143
126485.480000,2210,0,0,8618164,2122
126518.609000,2189,0,0,8614696,2109
126551.620000,2166,0,0,8620214,2084
126584.618000,2146,0,0,8615720,2075
126617.619000,2128,0,0,8621610,2066
126650.480000,2110,0,0,8623668,2042
126683.612000,2101,0,0,8638521,2033
126716.620000,2093,0,1,8651696,2027
126749.620000,2083,0,1,8690004,2016
126782.620000,2074,0,0,8728585,2014
126815.479000,2068,0,0,8754954,2004
126848.613000,2065,0,0,8766521,1987
126881.619000,2064,0,0,8769254,2213
126914.619000,2063,0,0,8772100,1985
126947.620000,2061,0,0,8780923,1985
126980.480000,2059,0,0,8796066,1981
127013.307000,2056,0,0,8810015,1964
127046.622000,2053,0,0,8821600,1946
127079.619000,2051,0,0,8830913,1959
127112.619000,2049,0,0,8838157,1945
127145.449000,2049,0,0,8850975,1949
127178.279000,2049,0,0,8855726,1948
127211.538000,2049,0,0,8859757,1955
127244.539000,2049,0,0,8857728,1949
127277.541000,2049,0,0,8862060,1950
127310.400000,2049,0,0,8861431,1951
127343.232000,2049,0,0,8863725,1952
127376.289000,2049,0,0,8861200,1959
127409.539000,2049,0,0,8857544,1969
127442.539000,2049,0,0,8858938,1971
127475.400000,2049,0,0,8856858,1986
127508.231000,2049,0,0,8859568,1987
127541.285000,2049,0,0,8855452,2002
127574.539000,2049,0,0,8855302,2019
127607.540000,2049,0,0,8836845,2034
127640.471000,2051,0,0,8813943,2055
127673.304000,2058,0,-1,8772396,2067
127706.619000,2065,0,0,8736697,2073
127739.619000,2073,0,-1,8699907,2087
127772.621000,2078,0,-1,8678144,2101
127805.479000,2084,0,-1,8662085,2110
127838.614000,2089,0,-1,8636798,2131
127871.620000,2095,0,0,8624975,2149
127904.619000,2102,0,-1,8610972,2165
127937.619000,2114,0,0,8603933,2172
127970.480000,2129,0,0,8613004,2185
128003.617000,2142,0,-1,8618113,2212
128036.621000,2159,0,0,8617064,2236
128069.619000,2180,0,0,8615715,2248
128102.620000,2198,0,0,8617794,2270
128135.480000,2215,0,0,8613646,2273
128168.616000,2227,0,0,8615975,2297
128201.621000,2242,0,0,8611920,2309
128234.620000,2264,0,0,8616440,2328
128267.618000,2279,0,0,8614023,2328
128300.480000,2283,0,-1,8614419,2348
128333.611000,2309,0,-4,8607881,2368
128366.620000,2323,0,0,8609220,2369
128399.618000,2336,0,0,8611207,2389
128432.619000,2347,0,-1,8609477,2399
128465.480000,2356,0,-1,8612967,2410
128498.617000,2363,0,-1,8610705,2385
128531.621000,2368,0,0,8613727,2378
128564.618000,2369,0,0,8610775,2370
128597.621000,2368,0,0,8614274,2341
128630.479000,2361,0,1,8612327,2329
128663.616000,2349,0,0,8614225,2296
128696.621000,2331,0,0,8612009,2281
128729.621000,2313,0,0,8613116,2250
128762.621000,2304,0,0,8612292,2217
128795.472000,2274,0,2,8612824,2194
128828.301000,2254,0,0,8616477,2172
128861.619000,2229,0,0,8612591,2141
128894.621000,2207,0,0,8615220,2120
128927.619000,2185,0,0,8614605,2109
128960.480000,2163,0,0,8618499,2080
128993.620000,2144,0,0,8611768,2063
129026.619000,2123,0,0,8615017,2058
129059.621000,2106,0,0,8621785,2041
129092.618000,2095,0,0,8647146,2022
129125.481000,2082,0,1,8689808,2024
129158.616000,2073,0,0,8729233,2007
129191.620000,2067,0,1,8761385,1996
129224.618000,2064,0,0,8771937,1984
129257.621000,2061,0,0,8788131,1970
129290.481000,2058,0,0,8801123,1969
129323.613000,2056,0,0,8812462,1965
129356.620000,2053,0,0,8818967,1956
129389.617000,2051,0,0,8828495,1950
129422.622000,2050,0,1,8848236,1939
129455.457000,2050,0,0,8863015,1950
129488.289000,2050,0,0,8866368,1947
129521.538000,2050,0,0,8868887,1949
129554.539000,2050,0,0,8867068,1946
129587.541000,2050,0,0,8866866,1944
129620.401000,2050,0,0,8875965,1961
129653.233000,2050,0,0,8874159,1955
129686.291000,2050,0,0,8870297,1938
129719.539000,2050,0,0,8868573,1935
129752.538000,2050,0,0,8876306,1947
129785.401000,2050,0,0,8877294,1955
129818.230000,2050,0,0,8869521,1944
129851.288000,2050,0,0,8878268,1937
129884.538000,2050,0,0,8885952,1947
129917.537000,2050,0,0,8886866,1956
129950.399000,2050,0,0,8884596,1942
129983.228000,2050,0,0,8885555,1943
130016.284000,2050,0,0,8876889,1943
130049.542000,2050,0,0,8877251,1955
130082.541000,2050,0,0,8880475,1964
130115.399000,2050,0,0,8867396,1956
130148.233000,2050,0,0,8873612,1972
130181.291000,2050,0,0,8872461,1976
130214.541000,2050,0,0,8870206,1997
130247.539000,2050,0,0,8868083,1996
130280.401000,2050,0,0,8867389,2002
130313.231000,2050,0,0,8852802,2022
130346.288000,2050,0,0,8839093,2029
130379.539000,2050,0,0,8823275,2033
130412.613000,2048,0,2,8805158,2039
130445.480000,2051,0,-1,8796627,2056
130478.618000,2055,0,0,8777498,2064
130511.619000,2061,0,-1,8751917,2079
130544.621000,2067,0,0,8719699,2080
130577.621000,2072,0,0,8701719,2074
130610.480000,2077,0,0,8679370,2088
130643.613000,2080,0,0,8671997,2090
130676.621000,2082,0,-1,8666417,2100
130709.621000,2086,0,-1,8650354,2113
130742.621000,2089,0,0,8644289,2113
130775.481000,2093,0,-1,8631295,2131
130808.621000,2097,0,0,8629157,2123
130841.622000,2102,0,-1,8611865,2136
130874.621000,2106,0,0,8612382,2135
130907.621000,2110,0,0,8608042,2148
130940.480000,2117,0,0,8608310,2172
130973.617000,2126,0,-1,8613961,2169
131006.621000,2135,0,-1,8613540,2194
131039.621000,2147,0,0,8616063,2203
131072.622000,2161,0,0,8615439,2220
131105.481000,2177,0,0,8618306,2253
131138.614000,2192,0,0,8614907,2240
131171.618000,2205,0,0,8618124,2265
131204.621000,2217,0,-1,8611638,2265
131237.621000,2228,0,0,8614608,2273
131270.480000,2237,0,-1,8612396,2270
131303.622000,2243,0,0,8618877,2277
131336.619000,2248,0,-1,8614018,2272
131369.623000,2252,0,0,8612665,2281
131402.621000,2256,0,0,8616070,2270
131435.480000,2258,0,-1,8614092,2277
131468.618000,2259,0,0,8616848,2285
131501.621000,2263,0,0,8614212,2282
131534.621000,2265,0,0,8619252,2283
131567.621000,2267,0,0,8612875,2285
131600.481000,2268,0,0,8615373,2290
