270299.622000,2315,0,0,8616618,2311
270332.621000,2315,0,0,8620011,2307
270365.621000,2315,0,0,8616043,2309
270398.620000,2316,0,0,8616035,2308
270431.622000,2316,0,0,8616673,2311
270464.621000,2317,0,0,8617955,2309
270497.619000,2316,0,0,8614204,2308
270530.621000,2316,0,0,8621126,2308
270563.621000,2316,0,0,8616572,2316
270596.621000,2316,0,0,8615216,2318
270629.620000,2316,0,0,8617131,2312
270662.621000,2316,0,0,8615681,2311
270695.620000,2316,0,0,8619057,2307
270728.621000,2317,0,0,8615132,2311
270761.621000,2317,0,0,8616497,2310
270794.620000,2316,0,0,8613394,2304
270827.620000,2315,0,0,8615574,2301
270860.621000,2314,0,0,8614982,2279
270893.622000,2307,0,1,8614490,2261
270926.620000,2304,0,1,8614065,2242
270959.608000,2281,0,5,8616660,2217
270992.621000,2268,0,0,8620229,2212
271025.618000,2256,0,1,8617869,2209
271058.621000,2242,0,0,8622253,2194
271091.619000,2231,0,0,8619376,2182
271124.618000,2221,0,1,8625059,2167
271157.618000,2208,0,0,8624988,2155
271190.621000,2197,0,0,8625933,2141
271223.622000,2187,0,1,8624582,2117
271256.621000,2173,0,0,8628785,2088
271289.619000,2159,0,0,8636839,2090
271322.621000,2144,0,0,8641453,2082
271355.621000,2130,0,1,8655876,2063
271388.621000,2116,0,1,8667655,2053
271421.622000,2105,0,0,8678427,2040
271454.617000,2098,0,1,8677238,2033
271487.621000,2090,0,0,8688551,2024
271520.619000,2083,0,1,8691038,2023
271553.619000,2076,0,1,8701583,2013
271586.621000,2070,0,1,8713078,2004
271619.618000,2064,0,1,8721274,1975
271652.621000,2059,0,0,8730522,1992
271685.622000,2055,0,0,8740046,1975
271718.618000,2050,0,0,8743940,1971
271751.618000,2048,0,0,8742827,1962
271784.541000,2048,0,0,8762317,1957
271817.542000,2048,0,0,8759207,1942
271850.613000,2032,0,16,8784904,1951
271883.621000,2028,0,0,8795193,1970
271916.620000,2027,0,0,8797089,1947
271949.619000,2027,0,0,8795007,1951
271982.620000,2027,0,0,8791207,2974
272015.619000,2030,0,-1,8778276,2007
272048.619000,2031,0,0,8765645,2024
272081.620000,2032,0,-1,8751006,2051
272114.539000,2032,0,0,8715696,2080
272147.608000,2058,0,-2,8686280,2097
272180.619000,2071,0,-1,8657740,2110
272213.622000,2084,0,-1,8644424,2126
272246.621000,2095,0,0,8638634,2133
272279.619000,2109,0,0,8636680,2156
272312.621000,2126,0,0,8619473,2174
272345.620000,2140,0,0,8613853,2191
272378.621000,2153,0,0,8617716,2223
272411.621000,2171,0,0,8617210,2247
272444.619000,2193,0,0,8622226,2269
272477.619000,2215,0,0,8615188,2304
272510.621000,2238,0,0,8621032,2321
272543.621000,2259,0,0,8616038,2332
272576.621000,2278,0,0,8615720,2343
272609.621000,2284,0,-1,8616943,2352
272642.613000,2307,0,-5,8615674,2363
272675.621000,2322,0,0,8616861,2384
272708.618000,2337,0,-1,8611609,2402
272741.621000,2353,0,0,8615733,2415
272774.621000,2368,0,0,8612113,2424
272807.621000,2382,0,0,8617450,2455
272840.618000,2394,0,-1,8617117,2439
272873.621000,2405,0,-1,8617507,2437
272906.622000,2411,0,0,8616080,2433
272939.619000,2413,0,0,8615521,2416
272972.620000,2413,0,0,8617841,2401
273005.621000,2409,0,0,8615691,2394
273038.618000,2402,0,1,8617125,2366
273071.620000,2393,0,1,8614950,2350
273104.620000,2385,0,1,8618455,2326
273137.619000,2369,0,0,8616091,2304
273170.618000,2352,0,0,8620552,2279
273203.621000,2333,0,0,8616073,2252
273236.622000,2310,0,0,8615864,2234
273269.620000,2304,0,0,8616878,2220
273302.612000,2271,-1,1,8613199,2193
273335.623000,2255,0,0,8617124,2176
273368.621000,2235,0,0,8615753,2158
273401.619000,2218,0,0,8619022,2152
273434.622000,2203,0,0,8617853,2126
273467.621000,2185,0,0,8622336,2112
273500.621000,2167,0,0,8624021,2094
273533.622000,2154,0,1,8634504,2090
273566.619000,2140,0,0,8650184,2075
273599.622000,2126,0,1,8662597,2057
273632.619000,2113,0,0,8678445,2034
273665.619000,2101,0,1,8690794,2023
273698.622000,2090,0,1,8705597,2019
273731.621000,2086,0,0,8704989,2012
273764.620000,2076,0,1,8723022,1999
273797.617000,2068,0,1,8733114,1988
273830.619000,2060,0,1,8748178,1973
273863.619000,2058,0,1,8749432,1974
273896.618000,2052,0,1,8762656,1956
273929.621000,2049,0,0,8764948,1948
273962.621000,2049,0,1,8775869,1944
273995.541000,2049,0,0,8797406,1948
274028.612000,2031,0,3,8809710,1945
274061.619000,2030,0,1,8815379,1945
274094.619000,2030,0,0,8811128,1945
274127.618000,2030,0,0,8809006,1950
274160.622000,2030,0,0,8802633,1977
274193.620000,2031,0,0,8800256,2018
274226.619000,2034,0,-1,8757168,2042
274259.543000,2034,0,0,8729932,2060
274292.613000,2055,0,-3,8711499,2081
274325.620000,2065,0,-1,8684211,2106
274358.623000,2075,0,-1,8666693,2108
274391.622000,2086,0,-1,8655070,2126
274424.622000,2099,0,0,8644444,2143
274457.621000,2115,0,0,8629505,2167
274490.622000,2128,0,0,8632261,2197
274523.620000,2143,0,0,8620289,2218
274556.621000,2160,0,0,8616641,2245
274589.621000,2183,0,0,8618339,2266
274622.620000,2205,0,0,8617313,2288
274655.622000,2226,0,0,8618667,2307
274688.621000,2247,0,0,8617153,2328
274721.621000,2267,0,0,8615276,2344
274754.618000,2283,0,0,8614046,2365
274787.610000,2305,0,-11,8614836,2379
274820.622000,2325,0,0,8614058,2397
274853.619000,2345,0,0,8615022,2427
274886.621000,2364,0,0,8615621,2435
274919.621000,2384,0,0,8615539,2441
274952.620000,2398,0,0,8617135,2441
274985.621000,2406,0,-1,8612742,2426
275018.621000,2410,0,0,8617977,2412
275051.621000,2406,0,0,8617432,2364
275084.621000,2391,0,0,8620739,2308
275117.622000,2365,0,0,8614193,2267
275150.620000,2335,0,0,8617702,2239
275183.619000,2304,0,0,8614871,2193
275216.613000,2274,0,1,8614419,2175
275249.621000,2250,0,0,8617392,2158
275282.622000,2224,0,0,8614695,2138
275315.621000,2202,0,0,8612322,2129
275348.619000,2183,0,0,8617438,2110
275381.619000,2165,0,0,8627008,2102
275414.622000,2155,0,0,8631410,2089
275447.618000,2146,0,0,8642076,2084
275480.620000,2134,0,0,8651692,2069
275513.620000,2118,0,0,8669624,2050
275546.618000,2107,0,0,8680288,2046
275579.620000,2097,0,1,8690539,2022
275612.619000,2088,0,1,8702763,2029
275645.619000,2081,0,1,8710628,2024
275678.619000,2074,0,1,8720377,1985
275711.621000,2071,0,1,8717725,1997
275744.621000,2065,0,0,8734422,1973
275777.619000,2056,0,1,8745373,1968
275810.618000,2048,0,1,8769402,1949
275843.540000,2048,0,0,8782569,1949
275876.540000,2048,0,0,8791820,1955
275909.541000,2048,0,0,8797880,1942
275942.613000,2030,0,4,8808387,1943
275975.621000,2030,0,0,8808512,1964
276008.618000,2030,0,0,8800730,1954
276041.617000,2026,0,0,8818900,1965
276074.620000,2027,0,0,8813108,1991
276107.621000,2027,0,0,8809530,2007
276140.621000,2029,0,0,8795502,2013
276173.620000,2032,0,0,8777636,2020
276206.619000,2033,0,-1,8761749,2021
276239.542000,2033,0,0,8758233,2035
276272.541000,2033,0,0,8745019,2038
276305.613000,2048,0,-15,8712533,2060
276338.613000,2050,0,0,8715712,2072
276371.622000,2058,0,-1,8696263,2091
276404.621000,2070,0,-1,8669946,2119
276437.620000,2084,0,0,8648578,2147
276470.621000,2099,0,0,8640610,2160
276503.621000,2116,0,0,8627835,2150
276536.621000,2129,0,0,8626057,2173
276569.621000,2140,0,-1,8625301,2197
276602.621000,2152,0,-1,8617570,2213
276635.621000,2169,0,0,8617067,2246
276668.621000,2189,0,0,8613106,2264
276701.622000,2208,0,0,8615345,2293
276734.621000,2228,0,0,8614700,2304
276767.622000,2249,0,0,8618878,2315
276800.621000,2266,0,0,8617056,2330
276833.618000,2282,0,0,8618649,2350
276866.620000,2284,0,-1,8616227,2366
276899.611000,2316,0,-2,8618190,2385
276932.619000,2333,0,0,8618135,2378
276965.620000,2346,0,-1,8616830,2406
276998.623000,2362,0,0,8618307,2429
277031.621000,2379,0,0,8613794,2442
277064.618000,2396,0,0,8616850,2455
277097.621000,2411,0,0,8615168,2458
277130.621000,2422,0,0,8617190,2458
277163.618000,2429,0,0,8615973,2458
277196.622000,2430,0,-1,8617337,2430
277229.619000,2428,0,1,8617008,2408
277262.622000,2422,0,1,8615382,2585
277295.622000,2411,0,1,8619570,2348
277328.621000,2395,0,0,8614075,2318
277361.619000,2375,0,0,8616244,2292
277394.620000,2348,0,0,8615531,2260
277427.619000,2319,0,0,8616528,2233
277460.619000,2304,0,0,8612935,2220
277493.610000,2273,0,1,8614553,2205
277526.621000,2259,0,0,8613561,2194
277559.621000,2242,0,0,8612802,2176
277592.621000,2224,0,0,8617514,2159
277625.619000,2208,0,0,8614822,2148
277658.620000,2195,0,1,8615975,2145
277691.621000,2184,0,1,8615820,2116
277724.621000,2169,0,0,8617767,2112
277757.621000,2158,0,0,8621236,2109
277790.622000,2151,0,1,8629693,2099
277823.621000,2143,0,0,8634332,2100
277856.621000,2135,0,0,8642815,2092
277889.621000,2128,0,1,8651551,2087
277922.622000,2123,0,1,8655813,2074
277955.619000,2116,0,0,8658493,2056
277988.622000,2106,0,1,8666608,2042
278021.620000,2095,0,1,8680337,2019
278054.620000,2083,0,1,8688800,2005
278087.618000,2075,0,1,8702694,2005
278120.617000,2069,0,1,8706187,1998
278153.619000,2063,0,1,8717906,1988
278186.620000,2057,0,1,8719480,1984
278219.619000,2051,0,1,8731253,1975
278252.619000,2048,0,1,8742751,1966
278285.541000,2048,0,0,8751647,1960
278318.539000,2048,0,0,8760739,1948
278351.610000,2032,0,4,8770029,1949
278384.618000,2031,0,0,8778606,1943
278417.619000,2027,0,0,8785780,1957
278450.621000,2025,0,0,8794202,1950
278483.620000,2024,0,0,8792908,1960
278516.618000,2024,0,0,8791948,1956
278549.621000,2024,0,0,8789568,2695
278582.621000,2029,0,-1,8767350,2005
278615.618000,2030,0,0,8757909,2011
278648.619000,2030,0,0,8752793,2028
278681.622000,2031,0,0,8754027,2033
278714.622000,2031,0,0,8742880,2045
278747.541000,2031,0,0,8730482,2057
278780.541000,2031,0,0,8701511,2076
278813.610000,2056,0,-2,8677961,2097
278846.621000,2071,0,0,8656284,2137
278879.619000,2090,0,0,8634287,2166
278912.622000,2109,0,0,8626749,2205
278945.620000,2135,0,0,8616978,2253
278978.619000,2163,0,0,8615956,2263
279011.621000,2190,0,0,8617310,2278
279044.619000,2214,0,0,8624097,2303
279077.619000,2235,0,0,8618900,2298
279110.622000,2250,0,0,8624347,2311
279143.620000,2262,0,-1,8616773,2308
279176.622000,2274,0,-1,8615838,2349
279209.620000,2283,0,-1,8614023,2361
279242.613000,2309,0,-4,8613865,2400
279275.623000,2330,0,0,8614522,2417
279308.621000,2350,0,0,8614172,2427
279341.621000,2366,0,0,8617808,2427
279374.617000,2380,0,-1,8615798,2432
279407.620000,2391,0,0,8617439,2438
279440.620000,2398,0,-1,8615094,2423
279473.620000,2403,0,-1,8617871,2417
279506.621000,2407,0,0,8614327,2412
279539.621000,2406,0,0,8614965,2391
279572.619000,2400,0,1,8622215,2346
279605.621000,2383,0,0,8617062,2284
279638.621000,2358,0,0,8616508,2260
279671.618000,2330,0,0,8611768,2244
279704.622000,2304,0,0,8614873,2220
279737.613000,2280,0,3,8615232,2198
279770.622000,2259,0,0,8619752,2181
279803.619000,2237,0,0,8620231,2163
279836.620000,2216,0,0,8619946,2140
279869.618000,2198,0,0,8620514,2138
279902.619000,2180,0,0,8620022,2103
279935.621000,2166,0,0,8618957,2105
279968.621000,2151,0,0,8627707,2081
280001.622000,2136,0,1,8645353,2064
280034.621000,2121,0,0,8658625,2036
280067.621000,2111,0,1,8666666,2035
280100.621000,2097,0,1,8678238,2027
280133.621000,2086,0,1,8689055,2026
280166.619000,2077,0,1,8696400,2011
280199.620000,2071,0,1,8699660,2004
280232.619000,2067,0,0,8710218,2001
280265.619000,2065,0,1,8710238,1992
280298.619000,2059,0,1,8720435,1982
280331.620000,2051,0,1,8729334,1970
280364.621000,2049,0,1,8747867,1971
280397.539000,2049,0,0,8759702,1960
280430.613000,2032,0,3,8780342,1947
280463.622000,2028,0,0,8788341,1948
280496.621000,2026,0,0,8791320,1948
280529.618000,2026,0,0,8791723,1951
280562.621000,2025,0,0,8786794,1946
280595.621000,2024,0,1,8786442,1949
280628.619000,2023,0,0,8788134,1943
280661.619000,2023,0,0,8791201,1956
280694.618000,2021,0,0,8789477,1952
280727.621000,2022,0,0,8789946,1978
280760.621000,2024,0,0,8775636,2830
280793.620000,2027,0,0,8762415,2001
280826.620000,2028,0,-1,8757585,2017
280859.619000,2030,0,0,8753006,2035
280892.622000,2032,0,0,8737442,2045
280925.539000,2032,0,0,8712943,2064
280958.613000,2052,0,-4,8686455,2090
280991.619000,2067,0,0,8653441,2117
281024.621000,2082,0,0,8639271,2129
281057.617000,2096,0,0,8626591,2153
281090.622000,2109,0,0,8627831,2156
281123.621000,2123,0,0,8621774,2182
281156.620000,2137,0,0,8618902,2191
281189.618000,2151,0,0,8617863,2200
281222.619000,2162,0,-1,8614674,2208
281255.618000,2174,0,0,8614914,2240
281288.620000,2187,0,-1,8614904,2244
281321.622000,2201,0,0,8612871,2266
281354.620000,2217,0,0,8613006,2297
281387.619000,2240,0,0,8614672,2324
281420.621000,2265,0,0,8615287,2358
281453.621000,2283,0,0,8618499,2379
281486.613000,2310,0,-3,8616774,2395
281519.618000,2331,0,0,8619013,2410
281552.622000,2350,0,0,8618095,2424
281585.619000,2368,0,0,8613186,2427
281618.621000,2383,0,0,8615544,2436
281651.621000,2393,0,-1,8615548,2436
281684.621000,2403,0,-1,8617104,2443
281717.620000,2412,0,-1,8613177,2439
281750.618000,2418,0,0,8616734,2457
281783.621000,2424,0,0,8615772,2437
281816.620000,2429,0,-1,8616236,2450
281849.620000,2430,0,0,8614919,2443
281882.622000,2429,0,0,8613343,2421
281915.618000,2428,0,0,8618405,2392
281948.621000,2418,0,1,8614507,2380
281981.621000,2407,0,1,8617824,2367
282014.619000,2394,0,0,8613034,2333
282047.620000,2377,0,0,8616327,2309
282080.621000,2358,0,0,8615491,2295
282113.621000,2342,0,0,8615968,2297
282146.620000,2327,0,0,8615810,2267
282179.622000,2309,0,0,8615689,2235
282212.619000,2304,0,0,8614259,2195
282245.613000,2270,-1,1,8615180,2170
282278.619000,2242,0,0,8613115,2141
282311.621000,2215,0,0,8611403,2120
282344.620000,2192,0,0,8616311,2096
282377.620000,2169,0,0,8616620,2088
282410.621000,2155,0,0,8626505,2079
282443.622000,2141,0,0,8637082,2067
282476.618000,2126,0,0,8652038,2056
282509.622000,2111,0,1,8668041,2041
282542.620000,2100,0,1,8673812,2026
282575.621000,2088,0,0,8687218,2011
282608.621000,2078,0,1,8695679,2009
282641.622000,2069,0,1,8710132,1997
282674.617000,2063,0,1,8716349,1993
282707.620000,2061,0,0,8718340,1988
282740.619000,2055,0,0,8726715,1978
282773.619000,2049,0,1,8739617,1976
282806.622000,2048,0,1,8748125,1959
282839.541000,2048,0,0,8760370,1966
282872.541000,2048,0,0,8760132,1946
282905.614000,2030,0,4,8784989,1952
282938.618000,2025,0,1,8799990,1935
282971.619000,2024,0,0,8796490,1945
283004.621000,2023,0,1,8798456,1938
283037.622000,2022,0,1,8796272,1946
283070.617000,2022,0,0,8800198,1948
283103.622000,2021,0,0,8795135,1954
283136.621000,2021,0,0,8797092,1945
283169.620000,2022,0,0,8797512,1959
283202.619000,2022,0,0,8792697,1962
283235.619000,2022,0,0,8791299,1969
283268.619000,2022,0,0,8787867,1993
283301.619000,2023,0,0,8785362,2010
283334.620000,2026,0,0,8761415,2026
283367.621000,2031,0,0,8750238,2034
283400.621000,2031,0,0,8726515,2066
283433.539000,2031,0,0,8699240,2091
283466.619000,2059,0,-2,8671996,2110
283499.620000,2072,0,0,8653198,2130
283532.618000,2087,0,0,8642626,2410
283565.621000,2106,0,0,8628937,2193
283598.622000,2125,0,0,8621137,2196
283631.620000,2144,0,0,8616681,2222
283664.620000,2161,0,0,8617132,2237
283697.621000,2181,0,0,8614108,2248
283730.622000,2197,0,0,8614062,2273
283763.621000,2214,0,0,8615906,2256
283796.620000,2226,0,-1,8616379,2290
283829.621000,2240,0,0,8617779,2300
283862.620000,2257,0,0,8617084,2321
283895.622000,2272,0,0,8619942,2338
283928.619000,2284,0,0,8616178,2362
283961.613000,2306,0,-7,8619683,2374
283994.619000,2323,0,0,8616764,2379
284027.621000,2338,0,0,8618741,2402
284060.622000,2354,0,-1,8617080,2413
284093.618000,2368,0,0,8616074,2434
284126.619000,2382,0,0,8612922,2431
284159.620000,2392,0,-1,8614693,2420
284192.623000,2395,0,0,8615804,2418
284225.620000,2395,0,0,8612617,2391
284258.621000,2392,0,1,8616795,2355
284291.621000,2384,0,1,8615702,2321
284324.618000,2368,0,0,8618084,2292
284357.621000,2348,0,0,8616592,2263
284390.621000,2324,0,0,8615845,2244
284423.621000,2304,0,0,8614569,2211
284456.610000,2278,0,3,8617009,2191
284489.622000,2256,0,0,8617523,2170
284522.621000,2230,0,0,8614526,2140
284555.619000,2208,0,0,8613649,2128
284588.620000,2186,0,0,8618326,2099
284621.622000,2166,0,0,8628736,2084
284654.621000,2150,0,0,8635136,2075
284687.620000,2135,0,0,8649323,2061
284720.621000,2123,0,1,8654549,2057
284753.622000,2111,0,1,8668087,2049
284786.618000,2100,0,1,8679701,2033
284819.620000,2089,0,1,8691164,2035
284852.620000,2081,0,1,8702502,2018
284885.618000,2076,0,1,8706436,1997
284918.620000,2071,0,0,8708620,2008
284951.617000,2071,0,0,8705206,2024
284984.622000,2067,0,0,8713147,2030
285017.620000,2063,0,1,8718248,2009
285050.619000,2061,0,0,8720728,1999
285083.619000,2059,0,0,8723621,1991
285116.618000,2054,0,1,8735348,1971
285149.622000,2049,0,0,8746276,1958
285182.537000,2049,0,0,8755720,1965
285215.539000,2049,0,0,8767057,1961
285248.539000,2049,0,0,8775509,1936
285281.614000,2032,0,8,8790492,1949
285314.620000,2031,0,0,8789016,1955
285347.620000,2030,0,0,8795136,1946
285380.620000,2030,0,0,8790427,1951
285413.621000,2027,0,0,8801261,1956
285446.618000,2026,0,0,8802605,1946
285479.618000,2026,0,0,8801394,1956
285512.619000,2026,0,0,8801670,1955
285545.619000,2025,0,0,8800261,1968
285578.621000,2026,0,0,8795764,1991
285611.619000,2027,0,0,8790786,2013
285644.621000,2030,0,0,8777680,2026
285677.621000,2034,0,0,8751969,2033
285710.540000,2034,0,0,8733899,2047
285743.539000,2034,0,0,8715488,2073
285776.613000,2057,0,-2,8687813,2086
285809.621000,2070,0,0,8661089,2103
285842.621000,2081,0,0,8649301,2125
285875.621000,2094,0,0,8641976,2125
285908.622000,2109,0,0,8625226,2161
285941.619000,2123,0,0,8626222,2175
285974.621000,2137,0,-1,8618646,2200
286007.618000,2153,0,0,8620011,2230
286040.620000,2175,0,0,8615783,2242
286073.619000,2194,0,0,8617969,2271
286106.622000,2214,0,0,8616819,2295
286139.621000,2233,0,0,8617211,2312
286172.622000,2253,0,0,8619090,2331
286205.619000,2273,0,0,8610505,2349
286238.620000,2283,0,0,8618246,2356
286271.611000,2308,0,-5,8615620,2380
286304.623000,2324,0,0,8617060,2380
286337.618000,2339,0,0,8612147,2398
286370.620000,2352,0,0,8615313,2401
286403.619000,2362,0,-1,8614401,2400
286436.619000,2369,0,-1,8618022,2397
286469.622000,2371,0,0,8617443,2370
286502.620000,2369,0,0,8615807,2346
286535.617000,2360,0,0,8619088,2312
286568.620000,2340,0,0,8619430,2270
286601.621000,2317,0,0,8619765,2239
286634.619000,2304,0,0,8615731,2219
286667.610000,2278,0,2,8617939,2201
286700.620000,2257,0,0,8611369,2185
286733.620000,2236,0,0,8615375,2169
286766.621000,2216,0,0,8616439,2140
286799.621000,2197,0,0,8615086,2121
286832.621000,2178,0,0,8617962,2101
286865.621000,2160,0,0,8619549,2100
286898.621000,2147,0,0,8628221,2072
286931.619000,2132,0,0,8641484,2052
286964.619000,2117,0,0,8658936,2036
286997.621000,2102,0,0,8668368,2028
287030.621000,2089,0,0,8682045,2030
287063.622000,2079,0,0,8691831,2005
287096.621000,2069,0,1,8701177,2002
287129.619000,2061,0,0,8711896,1988
287162.619000,2055,0,1,8716363,1988
287195.621000,2049,0,0,8722606,1973
287228.620000,2048,0,1,8733944,1971
287261.539000,2048,0,0,8747476,1966
287294.542000,2048,0,0,8757444,1943
287327.608000,2029,0,3,8767631,1972
287360.621000,2025,0,0,8778107,1957
287393.618000,2023,0,0,8785092,1940
287426.621000,2022,0,0,8785294,1958
287459.621000,2021,0,0,8783776,1956
287492.622000,2021,0,0,8785240,1949
287525.618000,2021,0,0,8780503,1946
287558.619000,2021,0,0,8781245,1943
287591.618000,2021,0,0,8776731,1978
287624.620000,2021,0,0,8774702,1999
287657.620000,2023,0,0,8763925,2013
287690.619000,2028,0,0,8755304,2041
287723.620000,2033,0,-1,8704563,2048
287756.610000,2055,0,-3,8667226,2060
287789.619000,2060,0,0,8668219,2094
287822.621000,2067,0,-1,8655816,2096
287855.622000,2076,0,-1,8650540,2110
287888.619000,2087,0,-1,8641935,2141
287921.620000,2100,0,-1,8637067,2168
287954.621000,2115,0,0,8626950,2178
287987.617000,2132,0,0,8623834,2196
288020.622000,2150,0,0,8615140,2239
288053.619000,2174,0,0,8613657,2258
288086.622000,2197,0,0,8613028,2294
288119.620000,2220,0,0,8616939,2306
288152.621000,2246,0,0,8616841,2347
288185.617000,2271,0,0,8614526,2354
288218.621000,2283,0,0,8616388,2388
288251.608000,2315,0,-2,8615721,2408
288284.620000,2336,0,0,8616544,2410
288317.621000,2356,0,0,8612005,2435
288350.620000,2373,0,0,8615016,2454
288383.619000,2388,0,0,8615503,2429
288416.618000,2398,0,-1,8615939,2443
288449.622000,2405,0,-1,8616655,2437
288482.622000,2407,0,0,8610759,2386
288515.622000,2400,0,0,8615354,2345
288548.621000,2384,0,0,8615367,2283
288581.620000,2353,0,0,8618790,2227
288614.619000,2320,-1,0,8614858,2197
288647.618000,2284,-1,0,8617071,2164
288680.619000,2251,-1,0,8612836,2143
288713.623000,2221,0,0,8613798,2130
288746.620000,2198,0,0,8613131,2102
288779.619000,2175,0,0,8616322,2088
288812.619000,2158,0,0,8623446,2066
288845.621000,2146,0,0,8629631,2048
288878.620000,2124,0,0,8657013,2028
288911.620000,2103,0,0,8674217,2019
288944.617000,2086,0,1,8695150,2004
288977.621000,2074,0,0,8703255,1994
289010.620000,2063,0,0,8721437,1983
289043.620000,2055,0,1,8731284,1972
289076.621000,2048,0,1,8744776,1960
289109.539000,2048,0,0,8763446,1968
289142.538000,2048,0,0,8775244,1948
289175.608000,2031,0,3,8788282,1952
289208.620000,2028,0,0,8785254,1955
289241.619000,2027,0,0,8790598,1943
289274.619000,2026,0,0,8790774,1948
289307.617000,2026,0,0,8790731,1947
289340.621000,2025,0,1,8790539,1947
289373.619000,2023,0,0,8799330,1950
289406.621000,2022,0,0,8795963,1957
289439.618000,2022,0,0,8793566,1937
289472.620000,2022,0,0,8793955,1969
289505.621000,2022,0,0,8789660,1993
289538.618000,2024,0,-1,8783215,2028
289571.620000,2030,0,-1,8756437,2035
289604.622000,2032,0,0,8729055,2063
289637.614000,2048,0,0,8702287,2084
289670.622000,2061,0,-2,8671641,2111
289703.623000,2077,0,0,8646966,2140
289736.621000,2093,0,0,8630919,2178
289769.619000,2113,0,0,8626824,2207
289802.618000,2136,0,0,8615316,2223
289835.617000,2158,0,0,8611198,2246
289868.619000,2182,0,0,8609535,2259
289901.621000,2202,0,0,8615880,2270
289934.621000,2218,0,0,8612500,2283
289967.622000,2236,0,0,8617719,2297
290000.621000,2253,0,0,8614898,2318
290033.621000,2269,0,0,8617989,2336
290066.619000,2284,0,0,8617600,2357
290099.539000,2284,0,0,8616569,2374
290132.621000,2321,1,-1,8618253,2395
290165.620000,2339,0,0,8615283,2411
290198.619000,2357,0,0,8620746,2433
290231.622000,2375,0,0,8614711,2441
290264.621000,2391,0,0,8616820,2454
290297.620000,2406,0,0,8614809,2456
290330.621000,2416,0,0,8615177,2441
290363.622000,2420,0,0,8612489,2420
290396.620000,2417,0,0,8615586,2390
290429.621000,2407,0,1,8617803,2353
290462.622000,2390,0,0,8616887,2303
290495.621000,2364,0,0,8619342,2266
290528.619000,2332,0,0,8616139,2219
290561.618000,2304,0,0,8619380,2176
290594.613000,2265,-1,0,8617423,2148
290627.620000,2232,-1,0,8617896,2137
290660.621000,2205,0,0,8615573,2108
290693.622000,2181,0,0,8616804,2094
290726.621000,2158,0,0,8618952,2073
290759.617000,2140,0,0,8633691,2056
290792.621000,2120,0,0,8657417,2031
290825.622000,2101,0,0,8670238,2020
290858.618000,2092,0,0,8679696,2007
290891.622000,2077,0,0,8693276,1992
290924.619000,2065,0,1,8715342,1986
290957.619000,2055,0,1,8727502,1973
290990.620000,2048,0,1,8743738,1969
291023.540000,2048,0,0,8756074,1949
291056.540000,2048,0,0,8768837,1954
291089.539000,2048,0,0,8771902,1953
291122.613000,2027,0,3,8780000,1949
291155.617000,2026,0,0,8782522,1950
291188.618000,2025,0,0,8781320,1952
291221.618000,2025,0,0,8783989,1941
291254.622000,2025,0,0,8780414,1948
291287.621000,2024,0,0,8783185,1954
291320.618000,2024,0,0,8776679,1943
291353.618000,2023,0,0,8785080,1948
291386.699000,2023,0,0,8784065,1949
291419.701000,2023,0,0,8786294,1958
291452.539000,2024,0,0,8784963,1994
291485.698000,2028,0,-1,8761275,2018
291518.542000,2031,0,0,8750869,2041
291551.699000,2032,0,-1,8729898,2073
291584.539000,2052,0,-4,8685666,2097
291617.701000,2065,0,-1,8660108,2113
291650.543000,2077,0,-1,8650646,2125
291683.702000,2091,0,-1,8639774,2137
291716.541000,2103,0,-1,8633968,2157
291749.700000,2118,0,-1,8629093,2168
291782.543000,2132,0,-1,8623444,2197
291815.699000,2149,0,-1,8617448,2227
291848.541000,2167,0,-1,8612858,2247
291881.701000,2191,0,-1,8617505,2274
291914.543000,2211,0,-1,8615035,2275
291947.701000,2227,0,-1,8615603,2293
291980.543000,2244,0,-1,8615231,2313
292013.699000,2261,0,-1,8615477,2347
292046.543000,2279,0,-1,8617272,2347
292079.701000,2283,0,-1,8616417,2354
292112.541000,2310,0,-4,8617759,2372
292145.700000,2323,0,-1,8616267,2369
292178.539000,2334,0,-1,8619361,2392
292211.701000,2344,0,-1,8611372,2381
292244.543000,2352,0,-1,8616099,2388
292277.701000,2359,0,-1,8614730,2392
292310.539000,2364,0,-1,8614494,2386
292343.701000,2366,0,-1,8611702,2376
292376.541000,2366,0,0,8615604,2360
292409.700000,2364,0,0,8612639,2319
292442.540000,2354,0,1,8614884,2284
292475.698000,2332,0,1,8614186,2240
292508.541000,2308,0,1,8612779,2227
292541.699000,2284,0,5,8614898,2201
292574.540000,2263,0,1,8615904,2173
292607.700000,2241,0,1,8619245,2156
292640.539000,2217,0,1,8614377,2136
292673.699000,2198,0,1,8619047,2109
292706.541000,2177,0,1,8614001,2092
292739.701000,2157,0,1,8619136,2079
292772.539000,2141,0,1,8638954,2336
292805.701000,2127,0,1,8652380,2066
292838.540000,2111,0,1,8671799,2041
292871.700000,2096,0,1,8683127,2023
292904.541000,2084,0,1,8698505,2017
292937.701000,2074,0,1,8704379,1999
292970.541000,2066,0,1,8719741,1988
293003.699000,2058,0,1,8728943,1971
293036.539000,2052,0,0,8739826,1969
293069.700000,2048,0,0,8749940,1966
293102.541000,2048,0,0,8771025,1950
293135.541000,2048,0,0,8788213,1946
293168.541000,2029,0,4,8793171,1951
293201.698000,2029,0,0,8795313,1938
293234.538000,2028,0,0,8792598,1952
293267.700000,2029,0,-1,8795867,1955
293300.541000,2028,0,0,8793677,1947
293333.699000,2028,0,0,8790288,1960
293366.697000,2025,0,0,8800345,1942
293399.540000,2024,0,0,8801496,1976
293432.697000,2025,0,0,8799634,1980
293465.539000,2024,0,0,8794642,1999
293498.699000,2025,0,0,8795923,2008
293531.539000,2025,0,0,8787048,2023
293564.700000,2030,0,-1,8769161,2066
293597.541000,2034,0,-1,8733937,2061
293630.539000,2052,0,-4,8694451,2106
293663.621000,2069,0,-1,8656260,2132
293696.700000,2087,0,0,8637062,2168
293729.688000,2109,0,-1,8623578,2224
293762.539000,2138,0,-1,8611736,2242
293795.622000,2169,0,0,8611415,2270
293828.620000,2197,0,0,8613326,2293
293861.621000,2223,0,0,8618830,2299
293894.621000,2248,0,0,8613972,2331
293927.618000,2271,0,0,8617829,2352
293960.620000,2283,0,0,8613176,2369
293993.614000,2309,0,-3,8616766,2377
294026.619000,2327,0,0,8617567,2399
294059.621000,2345,0,0,8616696,2419
294092.621000,2363,0,0,8617381,2426
294125.621000,2378,0,0,8616120,2429
294158.620000,2391,0,-1,8618505,2428
294191.623000,2397,0,0,8614902,2409
294224.622000,2398,0,0,8615940,2394
294257.621000,2392,0,0,8612870,2361
294290.621000,2380,0,0,8614956,2319
294323.620000,2361,0,0,8612837,2268
294356.622000,2336,0,0,8616840,2235
294389.621000,2308,0,0,8618662,2214
294422.619000,2283,0,3,8617125,2188
294455.617000,2258,0,0,8617912,2166
294488.620000,2234,0,0,8615647,2157
294521.618000,2211,0,0,8618777,2129
294554.619000,2190,0,0,8615842,2111
294587.622000,2169,0,0,8621012,2091
294620.622000,2153,0,0,8630941,2077
294653.619000,2135,0,0,8647208,2081
294686.622000,2120,0,0,8661430,2050
294719.619000,2107,0,0,8672761,2035
294752.621000,2094,0,1,8690407,2034
294785.622000,2083,0,1,8699171,2015
294818.622000,2075,0,0,8710358,2001
294851.620000,2068,0,1,8716854,2001
294884.619000,2064,0,1,8724000,2000
294917.619000,2061,0,0,8721597,1991
294950.621000,2059,0,0,8727126,1992
294983.619000,2056,0,0,8730246,1976
295016.621000,2052,0,0,8738875,1986
295049.618000,2051,0,0,8741029,1975
295082.621000,2049,0,0,8746772,1958
295115.542000,2049,0,0,8763221,1964
295148.542000,2049,0,0,8779131,1951
295181.619000,2031,0,4,8791116,1951
295214.620000,2030,0,1,8794609,1952
295247.619000,2029,0,0,8795829,1945
295280.621000,2028,0,0,8795489,1951
295313.617000,2027,0,0,8799858,1953
295346.620000,2027,0,0,8799425,1955
295379.621000,2027,0,0,8795717,1978
295412.621000,2027,0,0,8793305,2008
295445.618000,2030,0,0,8779181,2025
295478.620000,2034,0,-1,8744784,2069
295511.541000,2034,0,0,8709097,2109
295544.620000,2066,0,-1,8671861,2106
295577.621000,2081,0,0,8647059,2142
295610.619000,2097,0,0,8636214,2175
295643.621000,2118,0,0,8623161,2201
295676.621000,2137,0,0,8621540,2212
295709.618000,2158,0,0,8612865,2245
295742.621000,2182,0,0,8609007,2272
295775.622000,2207,0,0,8616612,2289
295808.622000,2230,0,0,8613232,2332
295841.618000,2254,0,0,8617293,2352
295874.621000,2275,0,0,8616510,2358
295907.620000,2284,0,0,8618034,2376
295940.614000,2317,1,-1,8616283,2392
295973.622000,2335,0,0,8616326,2407
296006.621000,2351,0,0,8615856,2409
296039.618000,2366,0,0,8616199,2421
296072.619000,2377,0,0,8617135,2410
296105.618000,2381,0,0,8615678,2361
296138.619000,2375,0,0,8617873,3002
296171.621000,2359,0,1,8616483,2275
296204.622000,2334,0,0,8618589,2236
296237.619000,2307,0,0,8612789,2209
296270.619000,2283,0,2,8617242,2199
296303.621000,2262,0,0,8613783,2192
296336.620000,2241,0,0,8615855,2158
296369.621000,2219,0,0,8616269,2138
296402.621000,2199,0,0,8614104,2114
296435.618000,2177,0,0,8618129,2073
296468.617000,2156,0,0,8625738,2060
296501.618000,2137,0,0,8646842,2046
296534.622000,2117,0,0,8667844,2029
296567.622000,2100,0,0,8685737,2015
296600.622000,2084,0,0,8701087,2002
296633.620000,2072,0,1,8717731,1989
296666.618000,2061,0,0,8733848,1989
296699.620000,2054,0,1,8743377,1979
296732.617000,2048,0,1,8758304,1975
296765.540000,2048,0,0,8763405,1949
296798.542000,2048,0,0,8780090,1955
296831.613000,2033,0,7,8792359,1947
296864.620000,2029,0,1,8804606,1948
296897.622000,2030,0,0,8795644,1954
296930.619000,2027,0,0,8806533,1950
296963.618000,2027,0,0,8806622,1943
296996.620000,2027,0,0,8807629,1932
297029.621000,2026,0,0,8808424,1957
297062.621000,2025,0,0,8804200,1979
297095.621000,2026,0,0,8804181,1997
297128.619000,2026,0,0,8798079,2013
297161.622000,2032,0,-1,8775191,2023
297194.620000,2034,0,-1,8736695,2045
297227.613000,2050,0,-5,8705823,2066
297260.618000,2060,0,-1,8678059,2100
297293.621000,2071,0,-1,8663871,2118
297326.621000,2085,0,0,8644602,2138
297359.620000,2101,0,0,8634754,2172
297392.621000,2120,0,0,8627985,2191
297425.619000,2142,0,0,8617891,2236
297458.622000,2164,0,0,8617503,2259
297491.619000,2191,0,0,8612346,2274
297524.620000,2215,0,0,8618544,2304
297557.621000,2238,0,0,8615355,2321
297590.621000,2258,0,0,8618140,2336
297623.619000,2275,0,0,8616846,2345
297656.621000,2284,0,0,8619224,2346
297689.613000,2309,0,-4,8618523,2373
297722.621000,2326,0,0,8613951,2396
297755.620000,2343,0,0,8614528,2406
297788.620000,2359,0,0,8611369,2416
297821.622000,2372,0,-1,8614721,2411
297854.620000,2380,0,0,8613317,2403
297887.619000,2382,0,-1,8616909,2382
297920.622000,2381,0,0,8614276,2361
297953.621000,2373,0,0,8617415,2328
297986.622000,2357,0,0,8618141,2278
298019.621000,2333,0,0,8617531,2223
298052.619000,2304,0,0,8619221,2182
298085.613000,2270,-1,1,8617334,2159
298118.620000,2240,0,0,8619324,2142
298151.618000,2212,0,0,8617023,2113
298184.621000,2187,0,0,8623841,2099
298217.621000,2163,0,0,8617677,2078
298250.621000,2145,0,0,8633370,2055
298283.621000,2125,0,0,8652884,2039
298316.620000,2108,0,0,8669115,2028
298349.621000,2093,0,0,8684346,2011
298382.621000,2079,0,1,8700484,2006
298415.622000,2069,0,1,8714631,1992
298448.622000,2060,0,1,8724931,1984
298481.618000,2053,0,0,8739958,1984
298514.618000,2048,0,1,8747192,1968
298547.538000,2048,0,0,8764239,1950
298580.541000,2048,0,0,8758105,1945
298613.539000,2048,0,0,8777926,1951
298646.613000,2032,0,8,8773338,1950
298679.621000,2026,0,1,8796490,1946
298712.621000,2024,0,1,8799291,1948
298745.621000,2025,0,0,8795788,1949
298778.621000,2022,0,0,8804201,1950
298811.621000,2022,0,0,8800952,1983
298844.620000,2022,0,0,8799133,2015
298877.619000,2028,0,0,8776510,2039
298910.619000,2032,0,-1,8735812,2074
298943.614000,2052,0,-3,8690421,2095
298976.620000,2067,0,0,8660819,2136
299009.617000,2083,0,0,8642695,2150
299042.620000,2101,0,0,8629231,2170
299075.622000,2118,0,0,8621514,2194
299108.619000,2139,0,0,8615320,2226
299141.620000,2159,0,0,8614113,2248
299174.619000,2185,0,0,8609038,2274
299207.619000,2209,0,0,8609342,2299
299240.621000,2235,0,0,8609823,2318
299273.618000,2258,0,0,8611844,2335
299306.619000,2277,0,0,8610218,2336
299339.621000,2284,0,0,8612578,2342
299372.539000,2284,0,0,8616480,2356
299405.619000,2314,0,-2,8616249,2355
299438.620000,2323,0,-1,8616545,2357
299471.618000,2333,0,-1,8615977,2382
299504.621000,2343,0,-1,8617268,2387
299537.622000,2351,0,0,8615220,2382
299570.622000,2357,0,-1,8617182,2373
299603.621000,2358,0,-1,8614874,2343
299636.622000,2353,0,1,8614904,2307
299669.618000,2338,0,0,8617716,2257
299702.621000,2315,0,0,8611755,2221
299735.620000,2304,0,0,8620099,2196
299768.620000,2265,-1,1,8614979,2167
299801.620000,2236,0,0,8617439,2139
299834.619000,2214,0,0,8615695,2136
299867.619000,2195,0,0,8617604,2121
299900.622000,2177,0,0,8617332,2105
299933.621000,2161,0,0,8623722,2088
299966.621000,2146,0,0,8630327,2077
299999.620000,2130,0,0,8648092,2057
300032.620000,2115,0,1,8663795,2050
300065.621000,2101,0,0,8671681,2029
300098.622000,2088,0,0,8687850,2016
300131.621000,2077,0,1,8698108,2001
300164.619000,2067,0,0,8714606,1990
300197.621000,2058,0,1,8724998,1978
300230.620000,2050,0,1,8742724,1969
300263.618000,2048,0,1,8755397,1948
300296.541000,2048,0,0,8771876,1947
300329.613000,2029,0,4,8791489,1948
300362.620000,2024,0,0,8800677,1931
300395.621000,2023,0,0,8800900,1943
300428.621000,2021,0,0,8800802,1942
300461.619000,2021,0,0,8802240,1948
300494.619000,2021,0,0,8794727,1977
300527.620000,2022,0,0,8794614,1997
300560.622000,2023,0,0,8784749,2018
300593.620000,2028,0,-1,8767288,2036
300626.621000,2032,0,-1,8737710,2052
300659.540000,2032,0,0,8709332,2066
300692.613000,2057,0,-2,8683052,2084
300725.621000,2066,0,-1,8658761,2103
300758.620000,2079,0,0,8649193,2130
300791.621000,2095,0,0,8636965,2150
300824.619000,2109,0,0,8633784,2187
300857.620000,2129,0,0,8618319,2214
300890.619000,2151,0,0,8616578,2247
300923.620000,2173,0,0,8613432,2270
300956.619000,2200,0,0,8609469,2296
300989.622000,2227,0,0,8616586,2330
301022.620000,2254,0,0,8614531,2361
301055.618000,2283,0,0,8616689,2372
301088.613000,2307,0,-5,8615162,2390
301121.620000,2329,0,0,8617062,2409
301154.622000,2348,0,0,8614646,2419
301187.622000,2365,0,0,8618561,2429
301220.620000,2381,0,-1,8610106,2438
301253.620000,2392,0,0,8613533,2432
301286.622000,2401,0,-1,8614933,2431
301319.621000,2407,0,-1,8607244,2426
301352.621000,2408,0,0,8616410,2396
301385.621000,2403,0,0,8613907,2360
301418.619000,2390,0,0,8619727,2328
301451.622000,2371,0,0,8616050,2293
301484.620000,2350,0,0,8617436,2270
301517.621000,2328,0,0,8614338,2249
301550.619000,2307,0,0,8618979,2214
301583.621000,2283,0,3,8614923,2185
301616.622000,2257,0,0,8617062,2152
301649.620000,2228,0,0,8616464,2131
301682.620000,2202,0,0,8616192,2101
301715.620000,2176,0,0,8615937,2082
301748.621000,2157,0,0,8624360,2068
301781.621000,2136,0,0,8646767,2039
301814.622000,2113,0,0,8669163,2030
301847.621000,2095,0,0,8688529,2011
301880.619000,2081,0,0,8701092,2009
301913.621000,2070,0,0,8716386,1992
301946.619000,2061,0,1,8726117,1984
301979.620000,2054,0,1,8738056,1978
302012.622000,2049,0,0,8751833,1969
302045.620000,2048,0,1,8757280,1962
302078.541000,2048,0,0,8768642,1961
302111.540000,2048,0,0,8775155,1947
302144.612000,2031,0,5,8792385,1945
302177.622000,2030,0,0,8789105,1952
302210.619000,2027,0,0,8798193,1951
302243.618000,2025,0,0,8806001,1947
302276.617000,2026,0,0,8800601,1943
302309.620000,2024,0,0,8803018,1946
302342.621000,2022,0,0,8808865,1952
302375.618000,2022,0,0,8808306,1974
302408.621000,2022,0,0,8804736,1999
302441.621000,2025,0,0,8796386,2038
302474.621000,2033,0,-1,8749353,2078
302507.610000,2054,0,-3,8691897,2121
302540.622000,2074,0,0,8647707,2149
302573.620000,2095,0,0,8632431,2188
302606.620000,2119,0,0,8620805,2219
302639.621000,2146,0,0,8617391,2241
302672.621000,2172,0,0,8617881,2277
302705.621000,2199,0,0,8607438,2305
302738.621000,2227,0,0,8617012,2340
302771.617000,2256,0,0,8616430,2351
302804.622000,2283,0,0,8620822,2377
302837.613000,2310,0,-3,8616059,2384
302870.621000,2329,0,0,8619103,2408
302903.622000,2347,0,0,8615412,2415
302936.621000,2362,0,0,8617398,2420
302969.622000,2375,0,-1,8616419,2413
303002.621000,2384,0,-1,8617364,2403
303035.621000,2387,0,0,8616736,2364
303068.620000,2379,0,0,8617628,2330
303101.622000,2363,0,0,8621527,2255
303134.620000,2332,0,0,8617855,2212
303167.619000,2304,0,0,8620262,2190
303200.610000,2270,-1,1,8617207,2155
303233.623000,2245,0,0,8619497,2142
303266.618000,2218,0,0,8619826,2139
303299.621000,2197,0,0,8619786,2114
303332.621000,2179,0,0,8621396,2107
303365.619000,2158,0,0,8624519,2083
303398.618000,2141,0,0,8639778,2061
303431.621000,2124,0,0,8655350,2039
303464.621000,2109,0,0,8670505,2041
303497.618000,2099,0,1,8675992,2028
303530.618000,2091,0,0,8684872,2019
303563.621000,2089,0,0,8683308,2008
303596.619000,2076,0,0,8698721,2002
303629.622000,2065,0,1,8717918,1994
303662.620000,2058,0,0,8725865,1995
303695.617000,2053,0,1,8736486,1990
303728.617000,2048,0,1,8739771,1972
303761.619000,2048,0,0,8754641,1973
303794.540000,2048,0,0,8757384,1963
303827.540000,2048,0,0,8764459,1952
303860.613000,2029,0,4,8786178,1945
303893.620000,2026,0,0,8796209,1959
303926.621000,2026,0,0,8790764,1945
303959.621000,2025,0,0,8792877,1938
303992.618000,2026,0,0,8792916,1947
304025.621000,2022,0,0,8798199,1952
304058.619000,2021,0,0,8807734,1959
304091.621000,2021,0,0,8802833,1979
304124.620000,2021,0,0,8802248,1985
304157.619000,2022,0,0,8791977,2007
304190.619000,2025,0,0,8783043,2033
304223.621000,2033,0,-1,8741658,2039
304256.542000,2033,0,0,8729390,2059
304289.611000,2049,0,-8,8696691,2083
304322.619000,2061,0,0,8668128,2120
304355.619000,2074,0,-1,8651567,2128
304388.619000,2089,0,0,8637586,2169
304421.619000,2108,0,0,8628806,2195
304454.620000,2135,0,0,8619867,2258
304487.618000,2163,0,0,8620167,2270
304520.620000,2194,0,0,8618166,2311
304553.621000,2222,0,0,8622345,2331
304586.621000,2253,0,0,8621217,2364
304619.621000,2279,0,0,8619952,2378
304652.622000,2304,0,0,8619763,2379
304685.619000,2323,0,-1,8618349,2389
304718.619000,2339,0,0,8621407,2409
304751.620000,2353,0,-1,8619724,2413
304784.621000,2368,0,0,8620538,2424
304817.622000,2382,0,-1,8616851,2436
304850.621000,2395,0,0,8618695,2452
304883.617000,2410,0,0,8616742,2456
304916.622000,2420,0,0,8617110,2433
304949.621000,2420,0,0,8620525,2400
304982.621000,2412,0,1,8618420,2348
305015.622000,2393,0,0,8622081,2286
305048.620000,2359,-1,0,8619315,2242
305081.620000,2321,-1,0,8621910,2175
305114.619000,2278,-1,1,8618773,2127
305147.620000,2235,-1,0,8621000,2100
305180.623000,2200,-1,0,8619325,2076
305213.619000,2168,0,0,8620322,2060
305246.622000,2145,0,0,8635370,2791
305279.620000,2124,0,0,8656033,2008
305312.621000,2098,0,0,8676984,1997
305345.620000,2074,0,0,8704295,1968
305378.621000,2059,0,0,8732365,1979
305411.619000,2051,0,1,8744511,1959
305444.619000,2048,0,0,8757000,1970
305477.542000,2048,0,0,8768256,1951
305510.539000,2048,0,0,8774498,1968
305543.608000,2032,0,16,8782499,1952
305576.620000,2030,0,0,8790980,1970
305609.619000,2029,0,0,8792663,1951
305642.621000,2029,0,0,8786956,1951
305675.621000,2029,0,0,8784336,1963
305708.620000,2029,0,0,8779800,1958
305741.619000,2029,0,2,8783971,1956
305774.621000,2029,0,0,8783527,1954
305807.619000,2029,0,0,8784531,1959
305840.619000,2029,0,0,8780778,1950
305873.620000,2029,0,0,8783138,1976
305906.621000,2029,0,0,8779800,1971
305939.617000,2029,0,-1,8776084,2005
305972.621000,2030,0,-1,8775838,2029
306005.623000,2032,0,0,8760537,2024
306038.618000,2033,0,-1,8741849,2061
306071.541000,2033,0,0,8714437,2079
306104.610000,2059,0,-2,8681341,2113
306137.621000,2077,0,0,8641453,2159
306170.620000,2099,0,0,8629056,2221
306203.619000,2130,0,0,8614705,2248
306236.620000,2163,1,0,8618011,2274
306269.619000,2193,0,0,8616871,2297
306302.619000,2220,0,0,8616223,2318
306335.620000,2246,0,0,8617223,2345
306368.619000,2271,0,0,8616627,2366
306401.620000,2283,0,0,8621207,2381
306434.611000,2317,1,-2,8618743,2390
306467.619000,2336,0,0,8620927,2393
306500.622000,2350,0,0,8619638,2397
306533.620000,2358,0,-1,8618813,2377
306566.618000,2359,0,0,8616653,2338
306599.621000,2351,0,1,8618325,2293
306632.617000,2332,0,0,8620388,2251
306665.618000,2307,0,0,8616673,2211
306698.621000,2280,0,1,8614538,2177
306731.617000,2252,0,0,8616610,2149
306764.618000,2223,0,0,8619389,2126
306797.619000,2197,0,0,8618421,2096
306830.619000,2172,0,0,8627458,2068
306863.620000,2153,0,0,8630647,2052
306896.620000,2130,0,0,8654665,2027
306929.618000,2107,0,0,8679337,2012
306962.622000,2088,0,0,8693381,2002
306995.619000,2074,0,0,8708093,1991
307028.619000,2063,0,1,8723173,1973
307061.618000,2056,0,1,8743532,1978
307094.621000,2051,0,0,8745550,1959
307127.618000,2048,0,1,8766389,1959
307160.539000,2048,0,0,8785801,1955
307193.620000,2030,0,1,8797214,1951
307226.621000,2028,0,0,8798752,1947
307259.617000,2028,0,0,8800296,1946
307292.621000,2028,0,0,8795607,1955
307325.621000,2025,0,0,8800564,1947
307358.621000,2024,0,0,8806481,1949
307391.621000,2024,0,0,8802899,1954
307424.621000,2024,0,0,8803287,1957
307457.617000,2025,0,0,8794371,1966
307490.619000,2025,0,0,8795266,1988
307523.619000,2026,0,0,8788335,2009
307556.621000,2029,0,0,8776171,2028
307589.618000,2034,0,0,8748045,2053
307622.539000,2034,0,0,8718265,2073
307655.610000,2055,0,-2,8689243,2103
307688.622000,2068,0,0,8659161,2123
307721.619000,2084,0,0,8640593,2139
307754.622000,2099,0,-1,8630831,2166
307787.621000,2117,0,0,8628758,2204
307820.620000,2138,0,0,8622252,2228
307853.619000,2160,0,0,8617339,2255
307886.620000,2186,0,0,8616295,2278
307919.620000,2210,0,0,8617996,2290
307952.618000,2233,0,0,8621955,2317
307985.622000,2256,0,0,8618630,2358
308018.620000,2281,0,0,8621447,2375
308051.622000,2306,0,-4,8620869,2413
308084.618000,2332,0,0,8621908,2443
308117.620000,2358,0,0,8618876,2453
308150.621000,2383,0,0,8621401,2464
308183.621000,2404,0,0,8617873,2477
308216.620000,2424,0,0,8617816,2488
308249.621000,2440,0,0,8620053,2501
308282.618000,2455,0,0,8617336,2508
308315.621000,2466,0,-1,8615292,2512
308348.621000,2474,0,-1,8617390,2498
308381.619000,2478,0,0,8618702,2484
308414.619000,2476,0,0,8617463,2450
308447.622000,2466,0,0,8620713,2413
308480.620000,2449,0,0,8619181,2366
308513.620000,2423,0,0,8620284,2306
308546.622000,2391,0,0,8619400,2274
308579.620000,2358,-1,0,8618185,2224
308612.620000,2322,-1,0,8621824,2194
308645.618000,2305,0,0,8618559,2165
308678.618000,2253,-1,0,8620793,2147
308711.622000,2220,-1,0,8615473,2124
308744.622000,2194,0,0,8620832,2120
308777.621000,2173,0,0,8616026,2086
308810.617000,2154,0,0,8628474,2067
308843.621000,2137,0,0,8643790,2068
308876.621000,2124,0,0,8659787,2040
308909.618000,2110,0,0,8671493,2024
308942.619000,2095,0,0,8686084,2028
308975.619000,2084,0,1,8695773,2033
309008.618000,2076,0,1,8699823,2000
309041.620000,2069,0,0,8711809,1993
309074.620000,2063,0,0,8717266,1995
309107.618000,2058,0,0,8726623,1992
309140.620000,2055,0,1,8728146,1982
309173.621000,2050,0,0,8737921,1971
309206.620000,2049,0,1,8742087,1977
309239.538000,2049,0,0,8753956,1972
309272.542000,2049,0,0,8763868,1963
309305.541000,2049,0,0,8764657,1964
309338.614000,2032,0,8,8775595,1955
309371.621000,2030,0,0,8780077,1944
309404.620000,2029,0,0,8786913,1952
309437.618000,2029,0,0,8783254,1966
309470.619000,2029,0,0,8784081,1957
309503.622000,2029,0,0,8782115,2655
309536.619000,2029,0,0,8781300,1957
309569.622000,2027,0,0,8789212,1972
309602.620000,2027,0,0,8784728,1995
309635.619000,2028,0,-1,8779037,2032
309668.620000,2034,0,-1,8755304,2038
309701.542000,2034,0,-1,8724493,2056
309734.613000,2052,0,-4,8688454,2066
309767.621000,2059,0,-1,8680544,2076
309800.620000,2067,0,-1,8663853,2087
309833.617000,2075,0,-1,8657488,2117
309866.622000,2083,0,-1,8651831,2110
309899.622000,2093,0,-1,8644421,2111
309932.621000,2104,0,0,8639964,2153
309965.622000,2115,0,0,8635148,2175
309998.619000,2128,0,0,8630100,2195
310031.619000,2144,0,0,8620240,2246
310064.621000,2166,0,0,8618215,2267
310097.621000,2187,0,0,8613499,2261
310130.621000,2209,0,0,8619305,2295
310163.621000,2232,0,0,8618971,2333
310196.618000,2257,0,0,8617769,2359
310229.619000,2282,0,0,8618103,2386
310262.613000,2309,0,-4,8617897,2424
310295.621000,2336,0,0,8619932,2430
310328.619000,2365,0,0,8619862,2467
310361.621000,2391,0,0,8621041,2479
310394.620000,2415,0,0,8617301,2496
310427.619000,2436,0,0,8620490,2519
310460.619000,2455,0,0,8618518,2514
310493.621000,2467,0,-1,8618145,2495
310526.620000,2472,0,0,8617873,2483
310559.622000,2470,0,0,8618772,2437
310592.622000,2457,0,0,8620941,2389
310625.620000,2437,0,0,8616331,2353
310658.621000,2412,0,0,8621870,2288
310691.620000,2374,-1,0,8621441,2219
310724.619000,2329,-1,0,8618327,2194
310757.621000,2305,0,0,8615323,2173
310790.622000,2257,-1,0,8620282,2158
310823.622000,2230,0,0,8617286,2133
310856.618000,2208,0,0,8618854,2127
310889.621000,2187,0,0,8620424,2105
310922.619000,2166,0,0,8622484,2079
310955.621000,2149,0,0,8633274,2063
310988.621000,2131,0,0,8654283,2045
311021.620000,2116,0,0,8670770,2048
311054.621000,2100,0,0,8682179,2023
311087.621000,2088,0,1,8696617,2021
311120.622000,2078,0,1,8703945,2013
311153.622000,2071,0,0,8715841,2007
311186.618000,2065,0,1,8722495,2002
311219.621000,2061,0,0,8721470,2000
311252.621000,2059,0,0,8727679,1985
311285.622000,2056,0,0,8732646,1990
311318.618000,2052,0,1,8733626,1979
311351.619000,2049,0,0,8742361,1998
311384.541000,2049,0,0,8746651,1967
311417.539000,2049,0,0,8739766,1974
311450.541000,2049,0,0,8742765,1958
311483.541000,2049,0,0,8757339,1960
311516.610000,2034,0,15,8772877,1958
311549.621000,2032,0,0,8779716,1951
311582.619000,2031,0,1,8782830,1948
311615.620000,2029,0,0,8786853,1942
311648.619000,2029,0,0,8783242,1948
311681.622000,2029,0,0,8785154,1949
311714.619000,2029,0,0,8782610,1945
311747.622000,2028,0,0,8787578,1947
311780.619000,2027,0,0,8785441,1942
311813.618000,2025,0,0,8791171,1949
311846.621000,2024,0,0,8795342,1945
311879.620000,2023,0,0,8797950,1944
311912.618000,2023,0,0,8798287,1971
311945.620000,2023,0,0,8795659,2003
311978.619000,2026,0,0,8784883,2026
312011.621000,2034,0,-1,8749628,2048
312044.539000,2034,0,-1,8719398,2079
312077.612000,2056,0,-2,8678129,2103
312110.619000,2070,0,-1,8653174,2126
312143.622000,2085,0,0,8636681,2164
312176.621000,2105,0,0,8625403,2192
312209.621000,2129,0,0,8616160,2231
312242.621000,2154,0,0,8614266,2261
312275.620000,2184,0,0,8613999,2280
312308.620000,2214,0,0,8614357,2305
312341.621000,2238,0,0,8614960,2330
312374.621000,2263,0,0,8613962,2367
312407.618000,2283,0,0,8617900,2387
312440.612000,2315,0,-2,8616133,2416
312473.622000,2342,0,0,8616708,2444
312506.622000,2370,0,0,8617818,2466
312539.618000,2395,0,0,8617616,2483
312572.619000,2420,0,0,8618055,2490
312605.621000,2437,0,0,8616885,2494
312638.621000,2449,0,-1,8618133,2481
312671.623000,2456,0,-1,8615573,2456
312704.621000,2454,0,0,8620741,2428
312737.618000,2442,0,0,8618435,2366
312770.619000,2419,0,0,8622966,2314
312803.617000,2390,0,0,8621560,2285
312836.619000,2359,0,0,8619213,2248
312869.622000,2327,0,0,8620590,2226
312902.621000,2304,0,0,8618699,2205
312935.613000,2275,0,1,8620819,2171
312968.619000,2250,0,0,8615977,2140
313001.621000,2222,0,0,8620144,2122
313034.618000,2196,0,0,8619965,2092
313067.621000,2169,0,0,8625583,2088
313100.620000,2148,0,0,8632357,2051
313133.619000,2125,0,0,8655515,2031
313166.621000,2104,0,0,8677229,2013
313199.618000,2087,0,0,8692568,2001
313232.621000,2074,0,0,8712833,1987
313265.621000,2065,0,0,8717443,1978
313298.620000,2053,0,1,8743211,1965
313331.621000,2048,0,1,8752130,1958
313364.540000,2048,0,0,8772951,1947
313397.613000,2031,0,5,8787181,1947
313430.621000,2027,0,0,8801636,1947
313463.620000,2026,0,0,8805815,1947
313496.618000,2024,0,0,8805115,1948
313529.621000,2023,0,0,8807768,1939
313562.621000,2023,0,0,8804355,1949
313595.621000,2022,0,0,8804023,1948
313628.620000,2021,0,0,8802263,1954
313661.619000,2022,0,-1,8799854,1974
313694.620000,2022,0,0,8795559,2009
313727.618000,2024,0,0,8786696,2017
313760.618000,2029,0,0,8762625,2048
313793.618000,2031,0,-1,8737086,2051
313826.540000,2031,0,0,8705820,2080
313859.612000,2057,0,-2,8677653,2087
313892.619000,2071,0,0,8662082,2118
313925.621000,2086,0,0,8636981,2139
313958.620000,2100,0,0,8635085,2169
313991.621000,2117,0,0,8626770,2203
314024.618000,2139,0,0,8621934,2242
314057.617000,2165,0,0,8617464,2266
314090.619000,2196,0,0,8617118,2292
314123.619000,2222,0,0,8617906,2323
314156.621000,2250,0,0,8617221,2349
314189.621000,2275,0,0,8620841,2361
314222.620000,2283,0,0,8617684,2392
314255.612000,2322,1,-1,8620107,2414
314288.620000,2346,0,0,8619678,2430
314321.622000,2368,0,0,8615718,2446
314354.620000,2388,0,0,8615697,2460
314387.621000,2406,0,0,8618629,2460
314420.621000,2420,0,0,8614995,2464
314453.621000,2429,0,-1,8618339,2434
314486.622000,2427,0,0,8621236,2376
314519.621000,2411,0,0,8618082,2303
314552.620000,2380,0,0,8618690,2267
314585.621000,2343,-1,0,8616550,2232
314618.618000,2307,-1,0,8617625,2187
314651.611000,2271,-1,0,8615384,2153
314684.620000,2237,-1,0,8624123,2126
314717.621000,2207,0,0,8614180,2088
314750.622000,2178,0,0,8620116,2074
314783.617000,2156,0,0,8629341,2060
314816.622000,2137,0,0,8644067,2029
314849.622000,2114,0,0,8669322,2024
314882.621000,2093,0,0,8685988,1996
314915.621000,2075,0,0,8702653,1995
314948.621000,2062,0,0,8719898,1974
314981.620000,2055,0,0,8734153,1955
315014.621000,2048,0,1,8751013,1955
315047.541000,2048,0,0,8777065,1941
315080.610000,2029,0,3,8793485,1961
315113.620000,2028,0,1,8794047,1948
315146.621000,2025,0,1,8800506,1941
315179.622000,2023,0,1,8799827,1941
315212.619000,2022,0,0,8803885,1952
315245.622000,2020,0,0,8805122,1953
315278.480000,2020,0,0,8814259,1975
315311.611000,2024,0,0,8787746,2019
315344.619000,2032,0,-1,8752786,2067
315377.542000,2032,0,-1,8695240,2102
315410.620000,2068,1,-1,8653977,2147
315443.481000,2089,0,0,8632562,2190
315476.619000,2116,0,0,8622760,2229
315509.620000,2148,0,0,8622231,2248
315542.622000,2176,0,0,8616821,2274
315575.619000,2203,0,0,8622782,2305
315608.480000,2231,0,0,8621345,2332
315641.614000,2261,0,0,8623591,2378
315674.618000,2283,0,0,8620433,2394
315707.613000,2315,0,-1,8617179,2427
315740.621000,2345,0,0,8614299,2441
315773.479000,2371,0,0,8617103,2463
315806.612000,2394,0,0,8618349,2479
315839.621000,2416,0,0,8618963,2492
315872.617000,2435,0,0,8621564,2489
315905.621000,2447,0,0,8619222,2481
315938.480000,2452,0,-1,8622370,2457
315971.615000,2449,0,0,8619413,2413
316004.621000,2436,0,0,8619061,2368
316037.620000,2414,0,0,8616541,2315
316070.621000,2386,0,0,8622058,2254
316103.479000,2349,-1,0,8617014,2224
316136.615000,2310,-1,0,8620549,2175
316169.619000,2271,-1,0,8620024,2137
316202.620000,2233,-1,0,8612614,2108
316235.620000,2202,0,0,8618364,2093
316268.480000,2173,0,0,8617261,2072
316301.608000,2150,0,0,8630654,2054
316334.621000,2129,0,0,8642541,2051
316367.619000,2110,0,0,8662678,2040
316400.618000,2096,0,1,8672972,2029
316433.480000,2088,0,0,8683897,2023
316466.618000,2081,0,1,8683156,2013
316499.621000,2070,0,0,8695645,2006
316532.619000,2063,0,0,8709942,1996
316565.617000,2057,0,0,8712866,1986
316598.481000,2052,0,0,8730318,1984
316631.614000,2048,0,1,8741351,1977
316664.541000,2048,0,0,8757576,1951
316697.541000,2048,0,0,8756147,1938
316730.613000,2030,0,4,8783459,1948
316763.480000,2026,0,1,8792016,1947
316796.608000,2025,0,0,8796223,1945
316829.618000,2024,0,0,8797308,1947
316862.619000,2023,0,0,8791055,1937
316895.621000,2023,0,0,8787513,1967
316928.479000,2022,0,0,8784638,1968
316961.616000,2022,0,0,8789055,1992
316994.621000,2022,0,0,8785072,2019
317027.619000,2025,0,0,8778702,2029
317060.618000,2033,0,-1,8736847,2083
317093.472000,2055,0,-2,8681808,2140
317126.303000,2077,0,0,8637966,2167
317159.622000,2100,0,0,8623800,2192
317192.618000,2125,0,0,8623468,2210
317225.619000,2152,0,0,8618813,2235
317258.479000,2175,0,0,8617438,2256
317291.608000,2196,0,0,8616647,2275
317324.620000,2217,0,0,8617195,2306
317357.619000,2241,0,0,8612094,2335
317390.620000,2266,0,0,8617533,2363
317423.480000,2284,0,0,8616006,2397
317456.612000,2321,1,-1,8617881,2442
317489.622000,2354,1,0,8618935,2486
317522.621000,2386,0,0,8615648,2509
317555.620000,2415,0,0,8618561,2504
317588.479000,2437,0,0,8618932,2501
317621.611000,2454,0,0,8617829,2501
317654.621000,2463,0,-1,8618445,2487
317687.622000,2464,0,-1,8618103,2452
317720.621000,2459,0,0,8616822,2412
317753.480000,2445,0,0,8621097,2384
317786.306000,2429,0,0,8618268,2350
317819.621000,2407,0,0,8617449,2315
317852.618000,2380,0,0,8622793,2273
317885.620000,2349,0,0,8617881,2247
317918.480000,2320,0,0,8621871,2215
317951.616000,2304,0,0,8620319,2190
317984.611000,2269,-1,1,8624877,2163
318017.621000,2238,0,0,8617961,2140
318050.617000,2211,0,0,8624086,2120
318083.481000,2188,0,0,8621001,2082
318116.611000,2159,0,0,8626752,2067
318149.622000,2137,0,0,8646478,2053
318182.620000,2112,0,0,8672339,2008
318215.620000,2089,0,0,8690788,1999
318248.480000,2072,0,0,8709107,1994
318281.619000,2058,0,1,8729583,1956
318314.622000,2048,0,0,8743959,1956
318347.539000,2048,0,0,8765570,1951
318380.610000,2030,0,9,8781501,1956
318413.481000,2027,0,0,8790176,1974
318446.615000,2026,0,0,8791060,1954
318479.619000,2026,0,0,8785327,1958
318512.621000,2024,0,0,8790099,1946
318545.622000,2022,0,0,8799953,1947
318578.479000,2021,0,1,8801780,1948
318611.610000,2021,0,0,8797407,1948
318644.617000,2021,0,0,8796219,1941
318677.621000,2020,0,0,8793419,1974
318710.622000,2019,0,0,8796525,1955
318743.480000,2018,0,0,8803844,1946
318776.619000,2018,0,0,8801535,1968
318809.619000,2019,0,0,8796850,1999
318842.619000,2024,0,0,8769043,2031
318875.620000,2031,0,-1,8741252,2047
318908.455000,2031,0,0,8713203,2078
318941.287000,2052,0,-4,8683368,2108
318974.621000,2069,0,0,8649548,2134
319007.622000,2086,0,0,8637035,2161
319040.620000,2105,0,0,8628678,2186
319073.480000,2129,0,0,8623068,2231
319106.611000,2154,0,0,8618103,2254
319139.618000,2181,0,0,8618174,2288
319172.621000,2208,0,0,8622125,2298
319205.621000,2238,0,0,8614825,2353
319238.481000,2271,1,0,8619334,2379
319271.617000,2283,0,0,8620164,2424
319304.613000,2331,1,0,8619682,2428
319337.621000,2360,0,0,8617679,2470
319370.622000,2389,0,0,8621592,2492
319403.480000,2417,0,0,8620066,2507
319436.615000,2439,0,0,8616147,2500
319469.619000,2455,0,0,8621480,2508
319502.621000,2464,0,-1,8619308,2487
319535.621000,2466,0,0,8622306,2436
319568.481000,2455,0,0,8620681,2397
319601.611000,2433,0,0,8623796,2337
319634.617000,2404,0,0,8619657,2285
319667.621000,2369,-1,0,8624861,2238
319700.619000,2331,-1,0,8617259,2218
319733.480000,2304,0,0,8623125,2193
319766.610000,2263,-1,1,8623141,2154
319799.622000,2229,-1,0,8623764,2113
319832.622000,2200,0,0,8624885,2096
319865.620000,2173,0,0,8622154,2081
319898.479000,2151,0,0,8633358,3029
319931.614000,2135,0,0,8643701,2038
319964.618000,2114,0,0,8664421,2025
319997.619000,2093,0,0,8677761,2012
320030.618000,2076,0,0,8698515,1995
320063.479000,2063,0,0,8706755,1985
320096.613000,2052,0,1,8722826,1969
320129.618000,2048,0,0,8729045,1959
320162.540000,2048,0,0,8729031,1950
320195.539000,2048,0,0,8754159,1949
320228.480000,2023,0,2,8774661,1938
320261.619000,2021,0,1,8789677,1946
320294.619000,2020,0,1,8785771,1942
320327.622000,2018,0,0,8782389,1944
320360.619000,2018,0,0,8779909,1950
320393.480000,2018,0,0,8785754,1947
320426.614000,2017,0,0,8784023,1948
320459.619000,2016,0,0,8784830,1955
320492.619000,2016,0,0,8785998,1989
320525.621000,2019,0,-1,8776200,2007
320558.479000,2027,0,0,8735295,2033
320591.531000,2028,0,-1,8717367,2054
320624.540000,2028,0,0,8694907,2081
320657.614000,2052,0,-4,8673258,2082
320690.622000,2063,0,0,8659295,2102
320723.480000,2074,0,-1,8647846,2129
320756.619000,2088,0,0,8640103,2159
320789.621000,2105,0,0,8634535,2201
320822.621000,2128,0,0,8623181,2227
320855.621000,2154,0,0,8625600,2263
320888.479000,2183,0,0,8618827,2291
320921.615000,2210,0,0,8625008,2313
320954.622000,2238,0,0,8619110,2341
320987.621000,2265,0,0,8622854,2363
321020.621000,2284,0,0,8618144,2374
321053.472000,2317,1,-2,8620364,2414
321086.611000,2342,0,0,8621056,2443
321119.621000,2366,0,0,8621899,2461
321152.622000,2392,0,0,8624765,2472
321185.622000,2412,0,0,8618325,2464
321218.479000,2424,0,0,8616540,2464
321251.617000,2430,0,0,8616285,2449
321284.621000,2430,0,0,8619867,2416
321317.618000,2421,0,0,8620844,2368
321350.621000,2404,0,0,8622770,2321
321383.481000,2378,0,0,8620159,2265
321416.613000,2347,0,0,8619774,2240
321449.622000,2317,0,0,8618917,2215
321482.618000,2286,0,1,8614320,2172
321515.621000,2255,0,0,8624280,2149
321548.480000,2225,0,0,8622312,2123
321581.608000,2198,0,0,8623820,2086
321614.621000,2170,0,0,8621640,2072
321647.618000,2146,0,0,8631959,2045
321680.619000,2124,0,0,8646591,2038
321713.480000,2103,0,0,8667336,2011
321746.692000,2086,0,1,8684225,2005
321779.690000,2072,0,0,8692954,1992
321812.692000,2061,0,1,8708634,1975
321845.541000,2058,0,1,8711835,1959
321878.480000,2048,0,1,8727462,1938
321911.533000,2048,0,0,8749992,1945
321944.690000,2026,0,2,8771965,1933
321977.542000,2023,0,1,8780630,1948
322010.539000,2021,0,0,8786479,1946
322043.479000,2019,0,0,8783150,1940
322076.307000,2018,0,1,8783590,1944
322109.698000,2018,0,0,8784460,1946
322142.540000,2017,0,0,8783218,1941
322175.539000,2016,0,1,8787574,1945
322208.480000,2016,0,0,8778115,1967
322241.696000,2019,0,-1,8773245,1965
322274.700000,2021,0,-1,8756922,1997
322307.541000,2022,0,0,8753839,2027
322340.541000,2026,0,-1,8739736,2056
322373.480000,2031,0,-1,8717579,2068
322406.535000,2048,0,-17,8686597,2088
322439.700000,2064,0,0,8649411,2113
322472.541000,2077,0,0,8645598,2150
322505.537000,2094,0,0,8633932,2179
322538.480000,2115,0,0,8627905,2224
322571.307000,2143,0,-1,8616398,2255
322604.700000,2174,0,0,8618858,2292
322637.541000,2207,1,-1,8619709,2327
322670.542000,2239,0,-1,8624311,2360
322703.480000,2272,1,-1,8617827,2384
322736.696000,2284,0,-1,8620482,2395
322769.693000,2326,1,-2,8620140,2414
322802.543000,2348,0,-1,8619091,2431
322835.542000,2369,0,0,8622618,2446
322868.480000,2386,0,0,8619854,2437
322901.693000,2400,0,0,8619605,2450
322934.696000,2410,0,-1,8619086,2439
322967.539000,2413,0,0,8620713,2413
323000.539000,2412,0,0,8623750,2384
323033.480000,2404,0,1,8625213,2335
323066.699000,2386,0,1,8623525,2312
323099.696000,2361,0,0,8625725,2259
323132.538000,2333,0,1,8625537,2226
323165.539000,2304,0,1,8623211,2195
323198.472000,2275,0,3,8625347,2172
323231.305000,2245,0,1,8621179,2142
323264.697000,2215,0,0,8624245,2115
323297.539000,2190,0,1,8617765,2086
323330.539000,2162,0,1,8622405,2069
323363.479000,2140,0,1,8630425,2056
323396.693000,2120,0,1,8650044,2042
323429.698000,2102,0,0,8667238,2015
323462.539000,2088,0,0,8679752,2019
323495.542000,2076,0,0,8690447,2013
323528.480000,2067,0,1,8694747,2000
323561.697000,2058,0,1,8706969,1994
323594.700000,2052,0,1,8713971,1978
323627.541000,2048,0,1,8725020,1975
323660.537000,2048,0,0,8731910,1967
323693.400000,2048,0,0,8744073,1979
323726.234000,2031,0,8,8748760,1949
323759.722000,2026,0,0,8760480,1948
323792.556000,2020,0,1,8784715,1943
323825.539000,2017,0,1,8791981,1940
323858.481000,2016,0,0,8793124,1952
323891.690000,2016,0,0,8788451,1943
323924.698000,2016,0,0,8790218,1947
323957.540000,2016,0,0,8783520,1978
323990.540000,2016,0,0,8784371,1987
324023.479000,2016,0,0,8777897,2005
324056.696000,2018,0,0,8772665,2018
324089.700000,2023,0,-1,8750903,2036
324122.693000,2031,0,0,8720969,2070
324155.621000,2032,0,-1,8694398,2088
324188.457000,2053,0,-3,8667365,2112
324221.296000,2066,0,0,8650605,2106
324254.698000,2081,0,0,8639105,2154
324287.622000,2097,0,0,8636334,2167
324320.619000,2116,0,0,8622348,2189
324353.452000,2136,0,0,8621259,2197
324386.283000,2158,0,0,8617714,2247
324419.700000,2182,0,0,8618189,2265
324452.622000,2204,0,0,8623349,2293
324485.622000,2229,0,0,8620656,2328
324518.457000,2256,0,0,8623649,2353
324551.290000,2283,0,0,8620679,2380
324584.692000,2311,0,-4,8619790,2409
324617.617000,2335,0,0,8618815,2424
324650.621000,2360,0,0,8624042,2468
324683.455000,2384,0,0,8621190,2485
324716.286000,2404,0,0,8621683,2476
324749.701000,2420,0,0,8622821,2465
324782.622000,2430,0,-1,8618401,2463
324815.623000,2434,0,0,8619255,2445
324848.451000,2434,0,0,8618756,2405
324881.283000,2427,0,0,8622822,2374
324914.699000,2407,0,0,8622688,2302
324947.621000,2374,-1,0,8623299,2259
324980.621000,2336,-1,0,8617472,2228
325013.457000,2304,0,0,8621420,2187
325046.288000,2267,-1,1,8622080,2145
325079.700000,2231,-1,0,8619587,2124
325112.621000,2203,0,0,8620045,2102
325145.621000,2178,0,0,8617952,2088
325178.453000,2157,0,0,8626033,2074
325211.285000,2138,0,0,8629901,2050
325244.699000,2118,0,0,8649690,2038
325277.619000,2101,0,0,8663907,2029
325310.618000,2089,0,0,8676771,2007
325343.451000,2078,0,0,8681938,2003
325376.282000,2066,0,1,8699157,1995
325409.699000,2056,0,1,8710073,1980
325442.621000,2048,0,1,8717972,1972
325475.621000,2048,0,1,8731495,1970
325508.457000,2048,0,0,8739707,1947
325541.288000,2048,0,0,8751071,1963
325574.693000,2029,0,3,8758116,1954
325607.620000,2025,0,0,8771338,1949
325640.618000,2022,0,1,8777874,1949
325673.455000,2019,0,1,8786960,1941
325706.286000,2018,0,0,8778226,1961
325739.697000,2017,0,0,8781949,1940
325772.622000,2016,0,0,8787925,1941
325805.620000,2016,0,0,8786148,1932
325838.451000,2016,0,0,8789326,1956
325871.282000,2016,0,0,8785628,1958
325904.698000,2017,0,0,8778373,1970
325937.622000,2018,0,0,8772855,1988
325970.620000,2018,0,0,8774974,2019
326003.448000,2022,0,-1,8758755,2029
326036.280000,2029,0,-1,8728118,2061
326069.701000,2032,0,-1,8701729,2058
326102.611000,2048,0,-16,8671902,2094
326135.621000,2055,0,-1,8667358,2080
326168.455000,2065,0,-1,8651359,2120
326201.287000,2077,0,0,8643815,2129
326234.698000,2094,0,0,8632964,2180
326267.619000,2115,0,0,8628672,2209
326300.621000,2144,0,0,8612231,2239
326333.450000,2173,0,0,8617411,2275
326366.283000,2203,0,0,8617063,2315
326399.698000,2233,0,0,8617461,2342
326432.622000,2263,0,0,8621748,2364
326465.621000,2282,0,0,8621889,2399
326498.457000,2324,1,-1,8623674,2447
326531.287000,2352,0,0,8622081,2455
326564.700000,2376,0,0,8623446,2445
326597.622000,2393,0,0,8620613,2459
326630.619000,2409,0,0,8620983,2456
326663.453000,2419,0,-1,8619134,2454
326696.286000,2426,0,-1,8617838,2457
326729.699000,2426,0,0,8619594,2390
326762.619000,2415,0,0,8617681,2364
326795.621000,2393,0,0,8621025,2296
326828.450000,2368,0,0,8617367,2263
326861.282000,2335,-1,0,8622887,2236
326894.701000,2304,0,0,8619773,2175
326927.610000,2264,-1,1,8622379,2154
326960.619000,2233,0,1,8621167,2118
326993.447000,2207,0,0,8622023,2123
327026.279000,2184,0,0,8617449,2105
327059.697000,2163,0,0,8622234,2097
327092.622000,2146,0,0,8630110,2068
327125.622000,2130,0,0,8643608,2045
327158.453000,2114,0,0,8663726,2037
327191.284000,2097,0,0,8674913,2014
327224.699000,2087,0,1,8679447,2012
327257.617000,2075,0,0,8689899,2008
327290.621000,2064,0,1,8706647,1988
327323.451000,2055,0,1,8713800,1974
327356.281000,2048,0,0,8731945,1967
327389.541000,2048,0,0,8748245,1957
327422.542000,2048,0,0,8757331,1952
327455.613000,2028,0,3,8773602,1950
327488.447000,2027,0,0,8774277,1963
327521.279000,2025,0,0,8779729,1964
327554.697000,2025,0,0,8779116,1960
327587.619000,2024,0,0,8777460,1962
327620.617000,2024,0,0,8774490,1960
327653.621000,2024,0,0,8771711,1942
327686.621000,2022,0,0,8783192,1966
327719.620000,2021,0,1,8781054,1969
327752.621000,2021,0,0,8779078,1972
327785.620000,2022,0,0,8770502,1977
327818.618000,2023,0,0,8765751,1990
327851.621000,2023,0,0,8760700,2003
327884.621000,2024,0,-1,8757356,2024
327917.621000,2029,0,0,8740813,2052
327950.621000,2032,0,0,8713561,2081
327983.610000,2053,0,-3,8674523,2117
328016.619000,2071,0,0,8644146,2147
328049.622000,2092,0,0,8631159,2191
328082.618000,2120,0,0,8618034,2233
328115.618000,2151,0,0,8617307,2257
328148.621000,2180,0,0,8613927,2298
328181.621000,2211,0,0,8622795,2320
328214.619000,2242,0,0,8616638,2360
328247.621000,2273,0,0,8618944,2379
328280.621000,2283,0,0,8616449,2403
328313.613000,2328,1,-1,8613655,2430
328346.619000,2356,0,0,8615509,2446
328379.619000,2380,0,0,8616977,2462
328412.621000,2400,0,0,8619972,2459
328445.621000,2414,0,0,8617410,2443
328478.621000,2419,0,-1,8618864,2410
328511.622000,2413,0,1,8618621,2365
328544.619000,2394,0,0,8617799,2302
328577.619000,2365,0,0,8615514,2254
328610.620000,2330,-1,0,8619596,2201
328643.621000,2305,0,0,8616211,2151
328676.612000,2253,-1,0,8617279,2142
328709.619000,2221,0,0,8615838,2112
328742.622000,2195,0,0,8618132,2081
328775.621000,2163,0,0,8619393,2054
328808.619000,2137,0,0,8630908,2033
328841.622000,2112,0,0,8655663,2018
328874.618000,2091,0,0,8670543,2002
328907.618000,2074,0,0,8689621,1997
328940.618000,2060,0,0,8703069,1980
328973.621000,2049,0,1,8717523,1970
329006.621000,2048,0,1,8727335,1963
329039.541000,2048,0,0,8744578,1975
329072.619000,2025,0,2,8765345,1939
329105.621000,2022,0,0,8774189,1940
329138.621000,2021,0,0,8776820,1948
329171.617000,2016,0,1,8791350,1937
329204.620000,2015,0,1,8797281,1950
329237.619000,2015,0,0,8789366,1950
329270.621000,2015,0,0,8788800,1945
329303.621000,2014,0,0,8785883,1942
329336.619000,2014,0,0,8787433,1943
329369.620000,2014,0,0,8783386,1958
329402.619000,2014,0,0,8780622,1992
329435.618000,2017,0,0,8773189,2018
329468.617000,2023,0,-1,8742861,2024
329501.623000,2029,0,0,8721495,2037
329534.619000,2032,0,-1,8701783,2060
329567.539000,2032,0,0,8681792,2086
329600.613000,2056,0,-2,8657045,2106
329633.619000,2069,0,-1,8639837,2123
329666.618000,2083,0,0,8632614,2137
329699.618000,2098,0,0,8621271,2165
329732.622000,2114,0,0,8626298,2178
329765.621000,2130,0,0,8616110,2202
329798.621000,2149,0,0,8616153,2223
329831.622000,2168,0,0,8616570,2245
329864.619000,2189,0,0,8618416,2268
329897.621000,2210,0,0,8613284,2292
329930.618000,2232,0,0,8617088,2325
329963.621000,2256,0,0,8611105,2351
329996.618000,2279,0,0,8615157,2371
330029.621000,2283,0,0,8615251,2383
330062.610000,2321,1,-1,8614882,2396
330095.622000,2339,0,0,8616133,2411
330128.619000,2358,0,0,8614880,2440
330161.620000,2379,0,0,8616385,2456
330194.621000,2400,0,0,8613026,2481
330227.622000,2423,0,0,8614293,2497
330260.621000,2443,0,0,8615005,2514
330293.622000,2462,0,0,8616500,2528
330326.618000,2477,0,0,8614450,2533
330359.619000,2486,0,-1,8614351,2512
330392.621000,2489,0,0,8618366,2488
330425.620000,2486,0,1,8618302,2454
330458.619000,2473,0,1,8619570,2407
330491.619000,2452,0,0,8613374,2372
330524.619000,2428,0,0,8616995,2329
330557.619000,2399,0,0,8616447,2287
330590.621000,2365,-1,0,8616857,2253
330623.621000,2332,-1,0,8612984,3015
330656.622000,2304,0,0,8616169,2199
330689.611000,2275,0,1,8615527,2179
330722.617000,2247,0,0,8611939,2146
330755.620000,2220,0,0,8615654,2135
330788.621000,2199,0,0,8615722,2112
330821.620000,2177,0,0,8617907,2093
330854.619000,2156,0,0,8617085,2085
330887.621000,2140,0,0,8630016,2067
330920.622000,2125,0,0,8641255,2065
330953.619000,2111,0,0,8655519,2049
330986.622000,2099,0,1,8663250,2042
331019.621000,2089,0,1,8669703,2032
331052.620000,2081,0,1,8676857,2029
331085.620000,2077,0,0,8676623,2029
331118.620000,2074,0,1,8682275,2018
331151.621000,2066,0,1,8688046,2015
331184.619000,2059,0,0,8698196,2004
331217.620000,2055,0,1,8701303,1981
331250.619000,2049,0,0,8712615,1974
331283.621000,2048,0,1,8722701,1969
331316.541000,2048,0,0,8732316,1950
331349.540000,2048,0,0,8741236,1946
331382.610000,2026,0,3,8761888,1947
331415.620000,2021,0,0,8781027,1940
331448.621000,2018,0,0,8783691,1941
331481.618000,2018,0,0,8788617,1946
331514.621000,2017,0,0,8783257,1932
331547.621000,2014,0,0,8794022,1948
331580.619000,2014,0,0,8789500,1963
331613.621000,2014,0,0,8789023,1994
331646.621000,2015,0,0,8780826,2003
331679.618000,2019,0,0,8764688,2018
331712.619000,2023,0,0,8743002,2028
331745.620000,2031,0,-1,8714183,2060
331778.542000,2032,0,-1,8686020,2091
331811.611000,2058,0,-2,8655501,2125
331844.621000,2074,0,0,8637301,2150
331877.619000,2093,0,0,8628027,2168
331910.620000,2112,0,0,8626881,2202
331943.619000,2135,0,0,8617276,2225
331976.617000,2159,0,0,8615393,2247
332009.617000,2184,0,0,8616835,2269
332042.620000,2208,0,0,8613759,2309
332075.619000,2233,0,0,8618444,2324
332108.621000,2257,0,0,8614828,2351
332141.621000,2281,0,0,8621372,2379
332174.619000,2307,0,-5,8617713,2410
332207.619000,2334,0,0,8618217,2438
332240.618000,2362,0,0,8615719,2463
332273.621000,2390,0,0,8618263,2486
332306.621000,2414,0,0,8614542,2490
332339.622000,2434,0,0,8616069,2498
332372.621000,2447,0,0,8618897,2482
332405.621000,2452,0,-1,8615876,2470
332438.621000,2451,0,0,8619576,2424
332471.621000,2440,0,0,8617482,2373
332504.620000,2418,0,0,8615490,2322
332537.619000,2388,0,0,8613356,2274
332570.621000,2354,-1,0,8618985,2237
332603.620000,2319,-1,0,8617603,2199
332636.619000,2287,0,0,8618989,2170
332669.618000,2257,0,0,8621550,2142
332702.618000,2224,-1,0,8612864,2121
332735.623000,2201,0,0,8616315,2094
332768.620000,2175,0,0,8618598,2076
332801.619000,2150,0,0,8623962,2057
332834.621000,2132,0,0,8634185,2040
332867.620000,2110,0,0,8654371,2030
332900.621000,2092,0,0,8664476,2017
332933.621000,2077,0,0,8679395,1999
332966.621000,2065,0,1,8687420,1999
332999.619000,2054,0,1,8701692,1975
333032.619000,2048,0,1,8718455,1968
333065.539000,2048,0,0,8725924,1955
333098.541000,2048,0,0,8738014,1961
333131.612000,2026,0,3,8754018,1947
333164.620000,2021,0,1,8767638,1941
333197.621000,2018,0,0,8773499,1942
333230.617000,2016,0,1,8777681,1942
333263.621000,2016,0,0,8778538,1942
333296.620000,2016,0,0,8779864,1950
333329.621000,2016,0,0,8775559,1946
333362.621000,2016,0,0,8772907,1943
333395.619000,2016,0,0,8775785,1956
333428.619000,2016,0,0,8771103,1966
333461.619000,2016,0,0,8770645,1985
333494.619000,2016,0,0,8765297,2011
333527.620000,2021,0,-1,8748428,2032
333560.619000,2031,0,0,8709388,2073
333593.619000,2033,0,-1,8687706,2079
333626.610000,2053,0,-3,8661141,2102
333659.621000,2068,0,0,8642645,2129
333692.620000,2086,0,0,8634792,2157
333725.619000,2103,0,0,8624542,2193
333758.620000,2125,0,0,8621753,2221
333791.621000,2152,0,0,8615839,2250
333824.621000,2179,0,0,8612455,2285
333857.618000,2208,0,0,8615300,2334
333890.618000,2243,1,0,8618837,2369
333923.619000,2277,1,0,8617562,2405
333956.617000,2312,1,-1,8615887,2442
333989.619000,2347,1,0,8616508,2477
334022.620000,2382,1,0,8615617,2493
334055.617000,2413,0,0,8617243,2502
334088.618000,2437,0,0,8614661,2503
334121.619000,2456,0,0,8619019,2530
334154.620000,2468,0,-1,8615608,2500
334187.621000,2473,0,0,8618351,2476
334220.620000,2472,0,0,8615745,2463
334253.621000,2468,0,0,8616953,2428
334286.621000,2455,0,0,8616757,2385
334319.618000,2434,0,0,8614997,2349
334352.622000,2411,0,0,8618057,2324
334385.617000,2386,0,0,8611726,2301
334418.620000,2362,0,0,8618847,2277
334451.619000,2335,0,0,8616327,2239
334484.618000,2309,0,0,8620125,2214
334517.621000,2304,0,0,8614961,2203
334550.622000,2267,-1,1,8620086,2559
334583.620000,2250,0,0,8617612,2161
334616.618000,2225,0,0,8616076,2133
334649.621000,2205,0,0,8618477,2121
334682.621000,2184,0,0,8616997,2104
334715.621000,2164,0,0,8616317,2086
334748.620000,2147,0,0,8621792,2076
334781.621000,2133,0,0,8634947,2079
334814.619000,2119,0,0,8643945,2054
334847.619000,2106,0,1,8655947,2043
334880.619000,2092,0,0,8664028,2031
334913.620000,2081,0,1,8673115,2019
334946.621000,2073,0,1,8678695,2014
334979.621000,2064,0,1,8682878,2006
335012.618000,2057,0,0,8693298,1999
335045.619000,2052,0,1,8696901,1994
335078.618000,2048,0,0,8708682,1973
335111.539000,2048,0,0,8716111,1973
335144.541000,2048,0,0,8734718,1958
335177.613000,2027,0,3,8741770,1949
335210.621000,2021,0,1,8759256,1928
335243.621000,2018,0,0,8768438,1957
335276.621000,2016,0,0,8772255,1946
335309.620000,2016,0,0,8767932,1950
335342.617000,2016,0,0,8766275,1954
335375.620000,2016,0,0,8771818,1949
335408.619000,2016,0,0,8765430,1970
335441.619000,2016,0,0,8764358,2002
335474.621000,2021,0,0,8753056,2413
335507.620000,2033,0,-1,8702449,2046
335540.539000,2033,0,0,8682288,2077
335573.610000,2052,0,-3,8664090,2096
335606.622000,2066,0,0,8645302,2122
335639.621000,2081,0,0,8634507,2147
335672.619000,2097,0,0,8630797,2148
335705.619000,2122,0,0,8612272,2183
335738.619000,2141,0,0,8617868,2236
335771.618000,2165,0,0,8615048,2275
335804.618000,2194,0,0,8619829,2306
335837.618000,2223,0,0,8615689,2325
335870.618000,2252,0,0,8620040,2370
335903.618000,2282,0,0,8617669,2399
335936.613000,2309,0,-2,8617753,2409
335969.619000,2335,0,0,8617637,2436
336002.621000,2358,0,0,8615623,2441
336035.618000,2379,0,0,8615917,2454
336068.622000,2393,0,0,8611765,2435
336101.618000,2402,0,-1,8613679,2418
336134.621000,2404,0,-1,8612960,2400
336167.620000,2402,0,0,8614226,2386
336200.621000,2399,0,1,8611776,2392
336233.622000,2394,0,0,8613486,2381
336266.621000,2391,0,1,8613879,2363
336299.621000,2389,0,0,8614363,2364
336332.620000,2387,0,0,8617120,2348
336365.618000,2378,0,0,8614817,2326
336398.621000,2358,0,0,8620329,2241
336431.621000,2327,0,0,8618538,2215
336464.619000,2305,0,0,8619220,2163
336497.610000,2261,-1,1,8614856,2139
336530.620000,2227,-1,0,8623643,2121
336563.622000,2196,0,0,8617915,2090
336596.620000,2169,0,0,8619125,2076
336629.619000,2147,0,0,8625439,2067
336662.619000,2127,0,0,8635982,2049
336695.621000,2110,0,0,8652780,2028
336728.621000,2094,0,0,8659831,2026
336761.622000,2081,0,1,8674620,2005
336794.621000,2068,0,0,8683189,1990
336827.618000,2057,0,0,8697239,1974
336860.619000,2048,0,1,8707762,1951
336893.542000,2048,0,0,8730318,1940
336926.611000,2024,0,2,8751206,1943
336959.619000,2018,0,0,8765492,2822
336992.622000,2018,0,0,8766445,1942
337025.619000,2014,0,0,8773602,1939
337058.619000,2012,0,0,8779710,1936
337091.619000,2013,0,0,8778033,1943
337124.619000,2013,0,0,8780089,1940
337157.617000,2012,0,0,8775603,1943
337190.621000,2012,0,0,8776903,1937
337223.618000,2012,0,0,8771730,1940
337256.619000,2012,0,0,8769080,1936
337289.620000,2012,0,0,8769532,1944
337322.621000,2014,0,0,8754698,1940
337355.617000,2009,0,0,8774771,1946
337388.622000,2008,0,1,8783091,1973
337421.620000,2010,0,0,8774717,1994
337454.621000,2014,0,0,8752897,2012
337487.618000,2017,0,0,8741279,2017
337520.619000,2021,0,0,8724294,2458
337553.621000,2031,0,-1,8696072,2060
337586.542000,2032,0,-1,8661258,2092
337619.614000,2059,0,-2,8646527,2115
337652.621000,2073,0,0,8637675,2146
337685.621000,2091,0,0,8626720,2173
337718.622000,2115,0,0,8619695,2199
337751.619000,2139,0,0,8612392,2217
337784.619000,2160,0,0,8617704,2233
337817.622000,2183,0,0,8613770,2249
337850.622000,2200,0,0,8617631,2266
337883.621000,2215,0,0,8616583,2279
337916.621000,2232,0,0,8616175,2307
337949.620000,2251,0,0,8620012,2330
337982.620000,2270,0,0,8618954,2349
338015.618000,2283,0,0,8620630,2373
338048.610000,2310,0,-3,8618112,2388
338081.619000,2333,0,0,8620438,2407
338114.620000,2353,0,0,8615461,2428
338147.621000,2372,0,0,8617864,2441
338180.618000,2391,0,0,8619346,2460
338213.621000,2407,0,0,8617039,2458
338246.620000,2418,0,-1,8616352,2463
338279.621000,2425,0,-1,8616486,2455
338312.622000,2430,0,0,8615034,2456
338345.621000,2432,0,0,8614340,2451
338378.619000,2435,0,-1,8616694,2452
338411.621000,2435,0,0,8614741,2452
338444.622000,2437,0,0,8616875,2449
338477.620000,2437,0,0,8613624,2450
338510.621000,2438,0,0,8614539,2451
338543.621000,2438,0,0,8615929,2437
338576.622000,2438,0,0,8616163,2459
338609.618000,2439,0,0,8616743,2432
338642.621000,2439,0,0,8610407,2447
338675.621000,2439,0,0,8613092,2444
338708.621000,2439,0,0,8609206,2443
338741.619000,2439,0,0,8614822,2447
338774.620000,2439,0,0,8612907,2440
338807.621000,2440,0,0,8617004,2440
